pdb_id	s_ch	s_resi	s_ins	s_resn	s_ss8	s_rsa	s_nh_relidix	s_nh_energy	s_o_relidx	s_o_energy	s_nh2_relidx	s_nh2_energy	s_o2_relidx	s_o2_energy	s_up	s_down	s_phi	s_psi	s_ss3	s_a1	s_a2	s_a3	s_a4	s_a5	t_ch	t_resi	t_ins	t_resn	t_ss8	t_rsa	t_nh_relidix	t_nh_energy	t_o_relidx	t_o_energy	t_nh2_relidx	t_nh2_energy	t_o2_relidx	t_o2_energy	t_up	t_down	t_phi	t_psi	t_ss3	t_a1	t_a2	t_a3	t_a4	t_a5
3h5z	A	139	 	K	H	0.473	1	-0.3	4	-1.5	2	-0.2	5	-0.2	7	21	-0.835	-0.961	H	1.831	-0.561	0.533	-0.277	1.648	A	287	 	D	S	0.092	1	-0.3	4	-1.5	2	-0.2	5	-0.2	20	16	-1.157	-0.709	H	1.05	0.302	-3.656	-0.259	-3.242
3h5z	A	133	 	L	E	0.0	28	-2.5	28	-2.6	-2	-0.6	2	-0.7	18	14	-2.257	2.32	H	-1.019	-0.987	-1.505	1.266	-0.912	A	161	 	R	E	0.278	28	-2.5	28	-2.6	-2	-0.6	2	-0.7	16	12	-2.052	2.517	H	1.538	-0.055	1.502	0.44	2.897
3h5z	A	226	 	K	H	0.112	-3	-0.3	4	-2.1	2	-0.2	6	-0.2	14	15	-1.192	-0.811	H	1.831	-0.561	0.533	-0.277	1.648	A	338	 	Y	-	0.392	-3	-0.3	4	-2.1	2	-0.2	6	-0.2	16	5	-2.393	2.522	H	0.26	0.83	3.097	-0.838	1.512
3h5z	A	192	 	V	H	0.07	-4	-2.5	5	-1.7	-5	-0.2	3	-1.2	23	14	-1.065	-0.863	H	-1.337	-0.279	-0.544	1.242	-1.262	A	195	 	T	T	0.373	-4	-2.5	5	-1.7	-5	-0.2	3	-1.2	16	12	-1.773	0.247	H	-0.032	0.326	2.213	0.908	1.313
3h5z	A	345	 	Y	E	0.095	-19	-2.8	-19	-2.1	-2	-0.4	2	-0.2	13	23	-1.986	2.255	H	0.26	0.83	3.097	-0.838	1.512	A	376	 	N	E	0.057	-19	-2.8	-19	-2.1	-2	-0.4	2	-0.2	13	22	-1.994	2.78	H	0.945	0.828	1.299	-0.169	0.933
3h5z	A	92	 	Y	-	0.059	236	-0.2	-15	-0.1	1	-0.1	236	-0.1	20	18	-0.861	2.316	H	0.26	0.83	3.097	-0.838	1.512	A	421	 	L	-	0.11	236	-0.2	-15	-0.1	1	-0.1	236	-0.1	16	16	-1.344			-1.019	-0.987	-1.505	1.266	-0.912
3h5z	A	167	 	N	E	0.185	-40	-2.1	-40	-2.3	-2	-0.3	-2	-0.0	10	21	-2.787	2.891	H	0.945	0.828	1.299	-0.169	0.933	A	421	 	L	-	0.11	-40	-2.1	-40	-2.3	-2	-0.3	-2	-0.0	16	16	-1.344			-1.019	-0.987	-1.505	1.266	-0.912
3h5z	A	224	 	P	H	0.081	0	0.0	4	-2.1	0	0.0	5	-0.2	16	18	-1.197	-0.514	H	0.189	2.081	-1.628	0.421	-1.392	A	228	 	V	H	0.225	0	0.0	4	-2.1	0	0.0	5	-0.2	10	14	-1.224	-0.709	H	-1.337	-0.279	-0.544	1.242	-1.262
3h5z	A	151	 	G	H	0.238	-6	-0.4	4	-1.4	1	-0.2	-1	-0.1	4	18	-1.131	-0.54	H	-0.384	1.652	1.33	1.045	2.064	A	154	 	A	H	0.009	-6	-0.4	4	-1.4	1	-0.2	-1	-0.1	18	13	-1.177	-0.422	H	-0.591	-1.302	-0.733	1.57	-0.146
3h5z	A	129	 	V	E	0.042	36	-1.8	36	-2.9	-2	-0.4	2	-0.2	17	22	-2.315	2.637	H	-1.337	-0.279	-0.544	1.242	-1.262	A	165	 	E	E	0.093	36	-1.8	36	-2.9	-2	-0.4	2	-0.2	18	24	-1.848	2.217	H	1.357	-1.453	1.477	0.113	-0.837
3h5z	A	296	 	E	H	0.129	2	-0.2	4	-3.1	1	-0.2	5	-0.3	10	16	-1.321	-0.608	H	1.357	-1.453	1.477	0.113	-0.837	A	299	 	H	H	0.114	2	-0.2	4	-3.1	1	-0.2	5	-0.3	14	14	-1.133	-0.975	H	0.336	-0.417	-1.673	-1.474	-0.078
3h5z	A	41	 	T	-	0.514	-2	-0.3	3	-1.0	1	-0.1	4	-0.7	2	15	-2.023	2.745	H	-0.032	0.326	2.213	0.908	1.313	A	45	 	I	S	0.083	-2	-0.3	3	-1.0	1	-0.1	4	-0.7	18	5	-1.566	2.304	H	-1.239	-0.547	2.131	0.393	0.816
3h5z	A	348	 	Y	E	0.032	-25	-0.1	-24	-1.5	71	-0.1	-1	-0.3	21	22	-1.37	2.773	H	0.26	0.83	3.097	-0.838	1.512	A	417	 	A	-	0.0	-25	-0.1	-24	-1.5	71	-0.1	-1	-0.3	20	17	-2.105	0.258	H	-0.591	-1.302	-0.733	1.57	-0.146
3h5z	A	13	 	A	T	0.755	-2	-0.4	-1	-0.1	1	-0.2	4	-0.0	2	9	-1.068	-0.5	H	-0.591	-1.302	-0.733	1.57	-0.146	A	17	 	T	G	0.62	-2	-0.4	-1	-0.1	1	-0.2	4	-0.0	4	12	-1.777	0.027	H	-0.032	0.326	2.213	0.908	1.313
3h5z	A	326	 	Y	E	0.059	19	-2.1	19	-2.8	-2	-0.3	2	-0.5	18	22	-2.11	2.728	H	0.26	0.83	3.097	-0.838	1.512	A	345	 	Y	E	0.095	19	-2.1	19	-2.8	-2	-0.3	2	-0.5	13	23	-1.986	2.255	H	0.26	0.83	3.097	-0.838	1.512
3h5z	A	131	 	V	E	0.07	32	-1.9	32	-2.7	-2	-0.2	2	-0.6	21	16	-2.534	2.604	H	-1.337	-0.279	-0.544	1.242	-1.262	A	163	 	I	E	0.012	32	-1.9	32	-2.7	-2	-0.2	2	-0.6	18	15	-2.197	-2.968	H	-1.239	-0.547	2.131	0.393	0.816
3h5z	A	136	 	G	S	0.095	22	-0.3	22	-0.1	151	-0.3	19	-0.1	12	19	-1.351	3.046	H	-0.384	1.652	1.33	1.045	2.064	A	157	 	Y	T	0.266	22	-0.3	22	-0.1	151	-0.3	19	-0.1	14	10	-1.922	0.62	H	0.26	0.83	3.097	-0.838	1.512
3h5z	A	145	 	A	H	0.019	-4	-2.4	5	-2.8	1	-0.2	4	-0.7	17	6	-1.124	-0.759	H	-0.591	-1.302	-0.733	1.57	-0.146	A	150	 	E	-	0.294	-4	-2.4	5	-2.8	1	-0.2	4	-0.7	12	6	-2.038	0.515	H	1.357	-1.453	1.477	0.113	-0.837
3h5z	A	180	 	L	H	0.067	-5	-0.4	4	-2.0	2	-0.2	3	-0.4	19	10	-1.364	-0.506	H	-1.019	-0.987	-1.505	1.266	-0.912	A	184	 	L	H	0.006	-5	-0.4	4	-2.0	2	-0.2	3	-0.4	21	18	-1.053	-0.771	H	-1.019	-0.987	-1.505	1.266	-0.912
3h5z	A	125	 	F	E	0.0	45	-2.3	45	-2.5	-2	-0.3	2	-0.3	18	22	-2.639	2.717	H	-1.006	-0.59	1.891	-0.397	0.412	A	169	 	L	E	0.402	45	-2.3	45	-2.5	-2	-0.3	2	-0.3	12	21	-1.076	2.253	H	-1.019	-0.987	-1.505	1.266	-0.912
3h5z	A	49	 	P	-	0.404	0	0.0	-1	-0.1	0	0.0	3	-0.1	12	12	-0.895	2.642	H	0.189	2.081	-1.628	0.421	-1.392	A	58	 	W	E	0.185	0	0.0	-1	-0.1	0	0.0	3	-0.1	14	18	-1.273	2.524	H	-0.595	0.009	0.672	-2.128	-0.184
3h5z	A	33	 	A	-	0.047	-2	-0.3	124	-0.2	121	-0.3	104	-0.2	20	18	-1.217	2.442	H	-0.591	-1.302	-0.733	1.57	-0.146	A	407	 	A	B	0.16	-2	-0.3	124	-0.2	121	-0.3	104	-0.2	14	22	-1.301	2.337	H	-0.591	-1.302	-0.733	1.57	-0.146
3h5z	A	127	 	A	E	0.009	40	-2.3	40	-2.1	-2	-0.3	2	-0.4	16	25	-2.283	2.451	H	-0.591	-1.302	-0.733	1.57	-0.146	A	167	 	N	E	0.185	40	-2.3	40	-2.1	-2	-0.3	2	-0.4	10	21	-2.787	2.891	H	0.945	0.828	1.299	-0.169	0.933
3h5z	A	309	 	F	E	0.071	16	-2.8	16	-2.6	-2	-0.4	2	-0.4	12	21	-2.146	2.135	H	-1.006	-0.59	1.891	-0.397	0.412	A	325	 	F	E	0.0	16	-2.8	16	-2.6	-2	-0.4	2	-0.4	18	21	-2.452	2.726	H	-1.006	-0.59	1.891	-0.397	0.412
3h5z	A	362	 	D	H	0.0	-4	-0.9	4	-2.9	-3	-0.6	-1	-0.2	21	16	-1.3	-0.464	H	1.05	0.302	-3.656	-0.259	-3.242	A	365	 	I	H	0.0	-4	-0.9	4	-2.9	-3	-0.6	-1	-0.2	14	20	-1.086	-0.832	H	-1.239	-0.547	2.131	0.393	0.816
3h5z	A	184	 	L	H	0.006	-4	-2.0	4	-2.6	1	-0.2	5	-0.2	21	18	-1.053	-0.771	H	-1.019	-0.987	-1.505	1.266	-0.912	A	187	 	E	H	0.0	-4	-2.0	4	-2.6	1	-0.2	5	-0.2	21	14	-1.274	-0.685	H	1.357	-1.453	1.477	0.113	-0.837
3h5z	A	226	 	K	H	0.112	-3	-0.3	4	-2.1	2	-0.2	6	-0.2	14	15	-1.192	-0.811	H	1.831	-0.561	0.533	-0.277	1.648	A	373	 	D	S	0.043	-3	-0.3	4	-2.1	2	-0.2	6	-0.2	17	21	-1.724	-0.384	H	1.05	0.302	-3.656	-0.259	-3.242
3h5z	A	76	 	L	H	0.018	-4	-2.4	4	-2.4	2	-0.2	-1	-0.2	18	16	-1.273	-0.741	H	-1.019	-0.987	-1.505	1.266	-0.912	A	79	 	N	H	0.045	-4	-2.4	4	-2.4	2	-0.2	-1	-0.2	18	13	-2.41	0.016	H	0.945	0.828	1.299	-0.169	0.933
3h5z	A	387	 	V	H	0.063	-3	-0.8	5	-2.5	-4	-0.5	4	-0.5	13	13	-1.054	-0.905	H	-1.337	-0.279	-0.544	1.242	-1.262	A	392	 	F	-	0.071	-3	-0.8	5	-2.5	-4	-0.5	4	-0.5	22	10	-1.366	2.667	H	-1.006	-0.59	1.891	-0.397	0.412
3h5z	A	66	 	A	H	0.67	-2	-0.5	4	-2.1	1	-0.3	5	-0.1	0	17	-0.923	-0.784	H	-0.591	-1.302	-0.733	1.57	-0.146	A	69	 	I	H	0.03	-2	-0.5	4	-2.1	1	-0.3	5	-0.1	15	16	-0.925	-0.747	H	-1.239	-0.547	2.131	0.393	0.816
3h5z	A	141	 	M	H	0.053	-3	-0.9	4	-2.4	2	-0.2	-1	-0.2	17	11	-1.393	-0.531	H	-0.663	-1.524	2.219	-1.005	1.212	A	145	 	A	H	0.019	-3	-0.9	4	-2.4	2	-0.2	-1	-0.2	17	6	-1.124	-0.759	H	-0.591	-1.302	-0.733	1.57	-0.146
3h5z	A	19	 	P	S	0.11	0	0.0	386	-1.9	0	0.0	387	-0.3	14	12	-1.432	1.298	H	0.189	2.081	-1.628	0.421	-1.392	A	405	 	N	S	0.064	0	0.0	386	-1.9	0	0.0	387	-0.3	13	19	1.113	0.703	L	0.945	0.828	1.299	-0.169	0.933
3h5z	A	223	 	N	S	0.369	150	-2.2	4	-2.3	1	-0.1	3	-0.3	16	19	-2.21	1.392	H	0.945	0.828	1.299	-0.169	0.933	A	227	 	L	H	0.0	150	-2.2	4	-2.3	1	-0.1	3	-0.3	20	13	-0.978	-0.708	H	-1.019	-0.987	-1.505	1.266	-0.912
3h5z	A	401	 	Y	E	0.023	-188	-2.7	-189	-2.3	-2	-0.4	-188	-1.2	20	19	-1.694	2.321	H	0.26	0.83	3.097	-0.838	1.512	A	418	 	L	-	0.012	-188	-2.7	-189	-2.3	-2	-0.4	-188	-1.2	18	19	-1.757	2.035	H	-1.019	-0.987	-1.505	1.266	-0.912
3h5z	A	251	 	R	H	0.637	-4	-2.0	3	-1.1	-5	-0.3	-2	-0.2	6	12	-1.001	-0.859	H	1.538	-0.055	1.502	0.44	2.897	A	254	 	Q	-	0.702	-4	-2.0	3	-1.1	-5	-0.3	-2	-0.2	8	15	-1.089	2.612	H	0.931	-0.179	-3.005	-0.503	-1.853
3h5z	A	301	 	L	H	0.006	-4	-2.1	-3	-0.2	-5	-0.3	-34	-0.2	26	14	-2.126	-0.439	H	-1.019	-0.987	-1.505	1.266	-0.912	A	310	 	T	E	0.0	-4	-2.1	-3	-0.2	-5	-0.3	-34	-0.2	23	21	-2.434	2.304	H	-0.032	0.326	2.213	0.908	1.313
3h5z	A	215	 	G	E	0.024	184	-2.3	184	-2.3	-2	-0.3	2	-0.1	18	13	-2.32	2.637	H	-0.384	1.652	1.33	1.045	2.064	A	399	 	L	E	0.098	184	-2.3	184	-2.3	-2	-0.3	2	-0.1	14	16	-1.588	2.17	H	-1.019	-0.987	-1.505	1.266	-0.912
3h5z	A	228	 	V	H	0.225	-4	-2.1	3	-1.1	4	-0.2	-1	-0.2	10	14	-1.224	-0.709	H	-1.337	-0.279	-0.544	1.242	-1.262	A	231	 	R	T	0.782	-4	-2.1	3	-1.1	4	-0.2	-1	-0.2	7	14	1.123	0.462	L	1.538	-0.055	1.502	0.44	2.897
3h5z	A	191	 	R	H	0.032	-4	-2.5	4	-0.5	2	-0.2	-2	-0.2	19	14	-1.068	-0.73	H	1.538	-0.055	1.502	0.44	2.897	A	195	 	T	T	0.373	-4	-2.5	4	-0.5	2	-0.2	-2	-0.2	16	12	-1.773	0.247	H	-0.032	0.326	2.213	0.908	1.313
3h5z	A	79	 	N	H	0.045	-4	-1.7	92	-0.3	-5	-0.2	-3	-0.2	18	13	-2.41	0.016	H	0.945	0.828	1.299	-0.169	0.933	A	176	 	R	T	0.46	-4	-1.7	92	-0.3	-5	-0.2	-3	-0.2	5	11	-1.034	2.567	H	1.538	-0.055	1.502	0.44	2.897
3h5z	A	273	 	P	H	0.449	0	0.0	4	-2.2	0	0.0	-1	-0.2	2	21	-1.119	-0.649	H	0.189	2.081	-1.628	0.421	-1.392	A	277	 	R	H	0.52	0	0.0	4	-2.2	0	0.0	-1	-0.2	8	18	-1.032	-0.954	H	1.538	-0.055	1.502	0.44	2.897
3h5z	A	219	 	H	E	0.25	174	-2.4	174	-2.7	-2	-0.3	2	-0.5	13	21	-2.282	2.599	H	0.336	-0.417	-1.673	-1.474	-0.078	A	393	 	G	E	0.44	174	-2.4	174	-2.7	-2	-0.3	2	-0.5	7	20	-2.197	2.554	H	-0.384	1.652	1.33	1.045	2.064
3h5z	A	172	 	H	-	0.152	-49	-2.7	3	-2.4	-2	-0.4	4	-0.4	13	16	-0.963	2.425	H	0.336	-0.417	-1.673	-1.474	-0.078	A	175	 	L	G	0.177	-49	-2.7	3	-2.4	-2	-0.4	4	-0.4	13	5	-1.896	0.146	H	-1.019	-0.987	-1.505	1.266	-0.912
3h5z	A	77	 	R	H	0.286	-4	-2.8	-1	-0.2	-5	-0.2	-2	-0.2	9	23	-0.871	-0.708	H	1.538	-0.055	1.502	0.44	2.897	A	89	 	R	E	0.157	-4	-2.8	-1	-0.2	-5	-0.2	-2	-0.2	11	17	-2.362	2.435	H	1.538	-0.055	1.502	0.44	2.897
3h5z	A	280	 	M	H	0.117	-4	-2.9	4	-2.0	-5	-0.3	-1	-0.2	12	16	-1.147	-0.596	H	-0.663	-1.524	2.219	-1.005	1.212	A	283	 	L	H	0.006	-4	-2.9	4	-2.0	-5	-0.3	-1	-0.2	17	14	-1.149	-0.604	H	-1.019	-0.987	-1.505	1.266	-0.912
3h5z	A	24	 	E	H	0.428	-2	-0.3	4	-2.4	1	-0.2	5	-0.2	2	18	-1.037	-0.775	H	1.357	-1.453	1.477	0.113	-0.837	A	27	 	T	H	0.021	-2	-0.3	4	-2.4	1	-0.2	5	-0.2	17	9	-0.934	-0.61	H	-0.032	0.326	2.213	0.908	1.313
3h5z	A	349	 	Y	E	0.009	-26	-0.2	2	-0.3	-2	-0.1	-26	-0.2	18	23	-2.77	2.936	H	0.26	0.83	3.097	-0.838	1.512	A	382	 	D	T	0.417	-26	-0.2	2	-0.3	-2	-0.1	-26	-0.2	12	18	-1.816	0.609	H	1.05	0.302	-3.656	-0.259	-3.242
3h5z	A	267	 	M	-	0.048	43	-2.4	43	-0.1	34	-0.2	-1	-0.1	22	9	-1.176	2.498	H	-0.663	-1.524	2.219	-1.005	1.212	A	303	 	P	-	0.309	43	-2.4	43	-0.1	34	-0.2	-1	-0.1	12	17	-1.002	2.405	H	0.189	2.081	-1.628	0.421	-1.392
3h5z	A	245	 	P	H	0.169	0	0.0	4	-2.1	0	0.0	5	-0.2	9	12	-0.96	-0.785	H	0.189	2.081	-1.628	0.421	-1.392	A	249	 	L	H	0.037	0	0.0	4	-2.1	0	0.0	5	-0.2	20	8	-1.139	-0.808	H	-1.019	-0.987	-1.505	1.266	-0.912
3h5z	A	322	 	F	E	0.0	28	-2.4	28	-2.3	-2	-0.3	2	-0.3	25	22	-2.774	2.773	H	-1.006	-0.59	1.891	-0.397	0.412	A	350	 	A	E	0.019	28	-2.4	28	-2.3	-2	-0.3	2	-0.3	16	22	-2.801	2.288	H	-0.591	-1.302	-0.733	1.57	-0.146
3h5z	A	112	 	V	E	0.0	14	-2.5	14	-2.0	-2	-0.8	2	-0.3	24	20	-2.046	2.167	H	-1.337	-0.279	-0.544	1.242	-1.262	A	125	 	F	E	0.0	14	-2.5	14	-2.0	-2	-0.8	2	-0.3	18	22	-2.639	2.717	H	-1.006	-0.59	1.891	-0.397	0.412
3h5z	A	380	 	I	-	0.047	-2	-1.8	3	-2.3	34	-0.1	4	-0.3	22	16	-1.559	-3.091	H	-1.239	-0.547	2.131	0.393	0.816	A	413	 	P	G	0.176	-2	-1.8	3	-2.3	34	-0.1	4	-0.3	15	16	-1.133	-0.428	H	0.189	2.081	-1.628	0.421	-1.392
3h5z	A	330	 	S	E	0.085	11	-2.3	11	-2.2	-240	-0.3	-240	-0.2	18	15	-2.125	2.526	H	-0.228	1.399	-4.76	0.67	-2.647	A	341	 	L	E	0.043	11	-2.3	11	-2.2	-240	-0.3	-240	-0.2	24	14	-1.852	2.085	H	-1.019	-0.987	-1.505	1.266	-0.912
3h5z	A	182	 	P	H	0.14	0	0.0	4	-2.6	0	0.0	-1	-0.3	11	17	-0.953	-0.647	H	0.189	2.081	-1.628	0.421	-1.392	A	186	 	K	H	0.337	0	0.0	4	-2.6	0	0.0	-1	-0.3	14	15	-1.067	-0.678	H	1.831	-0.561	0.533	-0.277	1.648
3h5z	A	97	 	L	H	0.0	-4	-2.4	4	-2.0	1	-0.2	5	-0.2	22	15	-1.108	-0.652	H	-1.019	-0.987	-1.505	1.266	-0.912	A	100	 	A	H	0.066	-4	-2.4	4	-2.0	1	-0.2	5	-0.2	22	17	-1.178	-0.595	H	-0.591	-1.302	-0.733	1.57	-0.146
3h5z	A	135	 	M	-	0.0	-2	-0.7	-1	-0.1	22	-0.4	153	-0.1	19	25	-2.62	0.461	H	-0.663	-1.524	2.219	-1.005	1.212	A	408	 	Y	-	0.018	-2	-0.7	-1	-0.1	22	-0.4	153	-0.1	22	17	-2.622	2.3	H	0.26	0.83	3.097	-0.838	1.512
3h5z	A	261	 	N	S	0.089	97	-0.1	3	-1.6	98	-0.1	2	-0.1	23	5	-1.47	2.201	H	0.945	0.828	1.299	-0.169	0.933	A	362	 	D	H	0.0	97	-0.1	3	-1.6	98	-0.1	2	-0.1	21	16	-1.3	-0.464	H	1.05	0.302	-3.656	-0.259	-3.242
3h5z	A	37	 	D	S	0.38	-18	-0.2	3	-0.1	1	-0.1	0	0.0	10	8	-1.382	2.754	H	1.05	0.302	-3.656	-0.259	-3.242	A	405	 	N	S	0.064	-18	-0.2	3	-0.1	1	-0.1	0	0.0	13	19	1.113	0.703	L	0.945	0.828	1.299	-0.169	0.933
3h5z	A	24	 	E	H	0.428	-2	-0.3	4	-2.4	1	-0.2	5	-0.2	2	18	-1.037	-0.775	H	1.357	-1.453	1.477	0.113	-0.837	A	28	 	E	H	0.655	-2	-0.3	4	-2.4	1	-0.2	5	-0.2	3	18	-1.087	-0.37	H	1.357	-1.453	1.477	0.113	-0.837
3h5z	A	267	 	M	-	0.048	43	-2.4	43	-0.1	34	-0.2	-1	-0.1	22	9	-1.176	2.498	H	-0.663	-1.524	2.219	-1.005	1.212	A	310	 	T	E	0.0	43	-2.4	43	-0.1	34	-0.2	-1	-0.1	23	21	-2.434	2.304	H	-0.032	0.326	2.213	0.908	1.313
3h5z	A	134	 	R	E	0.181	155	-3.2	155	-1.4	-2	-0.4	24	-0.1	19	13	-1.278	2.211	H	1.538	-0.055	1.502	0.44	2.897	A	286	 	F	S	0.036	155	-3.2	155	-1.4	-2	-0.4	24	-0.1	21	10	-1.738	2.592	H	-1.006	-0.59	1.891	-0.397	0.412
3h5z	A	327	 	R	E	0.21	-20	-2.1	-234	-0.3	-2	-0.3	17	-0.2	20	21	-1.86	2.216	H	1.538	-0.055	1.502	0.44	2.897	A	342	 	N	E	0.178	-20	-2.1	-234	-0.3	-2	-0.3	17	-0.2	13	24	-1.787	1.75	H	0.945	0.828	1.299	-0.169	0.933
3h5z	A	364	 	L	H	0.0	-4	-2.3	4	-2.6	2	-0.2	-2	-0.2	21	23	-1.091	-0.677	H	-1.019	-0.987	-1.505	1.266	-0.912	A	368	 	H	H	0.397	-4	-2.3	4	-2.6	2	-0.2	-2	-0.2	17	12	-1.06	-0.808	H	0.336	-0.417	-1.673	-1.474	-0.078
3h5z	A	144	 	K	H	0.502	-4	-1.3	4	-1.4	1	-0.2	-2	-0.2	9	11	-1.078	-0.679	H	1.831	-0.561	0.533	-0.277	1.648	A	148	 	K	H	0.678	-4	-1.3	4	-1.4	1	-0.2	-2	-0.2	10	4	-1.753	0.006	H	1.831	-0.561	0.533	-0.277	1.648
3h5z	A	239	 	Y	G	0.158	-3	-1.9	3	-1.6	1	-0.3	-1	-0.3	12	6	-1.132	-0.299	H	0.26	0.83	3.097	-0.838	1.512	A	242	 	F	S	0.365	-3	-1.9	3	-1.6	1	-0.3	-1	-0.3	11	3	-1.813	2.664	H	-1.006	-0.59	1.891	-0.397	0.412
3h5z	A	226	 	K	H	0.112	-3	-0.3	4	-2.1	2	-0.2	6	-0.2	14	15	-1.192	-0.811	H	1.831	-0.561	0.533	-0.277	1.648	A	229	 	E	H	0.443	-3	-0.3	4	-2.1	2	-0.2	6	-0.2	11	10	-1.036	-0.634	H	1.357	-1.453	1.477	0.113	-0.837
3h5z	A	83	 	D	-	0.325	5	-1.5	3	-1.9	-2	-0.3	0	0.0	11	9	-1.288	2.935	H	1.05	0.302	-3.656	-0.259	-3.242	A	86	 	S	S	0.454	5	-1.5	3	-1.9	-2	-0.3	0	0.0	4	16	0.783	0.901	L	-0.228	1.399	-4.76	0.67	-2.647
3h5z	A	96	 	F	H	0.0	2	-0.2	4	-3.1	1	-0.2	5	-0.2	12	18	-1.093	-0.786	H	-1.006	-0.59	1.891	-0.397	0.412	A	99	 	W	H	0.0	2	-0.2	4	-3.1	1	-0.2	5	-0.2	19	13	-1.068	-0.867	H	-0.595	0.009	0.672	-2.128	-0.184
3h5z	A	24	 	E	H	0.428	-2	-0.3	4	-2.4	1	-0.2	5	-0.2	2	18	-1.037	-0.775	H	1.357	-1.453	1.477	0.113	-0.837	A	410	 	K	-	0.263	-2	-0.3	4	-2.4	1	-0.2	5	-0.2	9	27	-0.927	2.258	H	1.831	-0.561	0.533	-0.277	1.648
3h5z	A	217	 	Y	E	0.288	180	-0.6	178	-3.0	161	-0.2	2	-0.3	11	17	-1.399	2.601	H	0.26	0.83	3.097	-0.838	1.512	A	394	 	A	E	0.538	180	-0.6	178	-3.0	161	-0.2	2	-0.3	7	16	-1.028	2.452	H	-0.591	-1.302	-0.733	1.57	-0.146
3h5z	A	381	 	L	T	0.018	35	-2.6	3	-0.2	32	-0.5	35	-0.2	16	17	0.816	-2.432	L	-1.019	-0.987	-1.505	1.266	-0.912	A	416	 	V	B	0.0	35	-2.6	3	-0.2	32	-0.5	35	-0.2	20	17	-1.863	2.224	H	-1.337	-0.279	-0.544	1.242	-1.262
3h5z	A	295	 	A	H	0.528	1	-0.2	4	-2.4	2	-0.2	-1	-0.2	3	15	-1.044	-0.692	H	-0.591	-1.302	-0.733	1.57	-0.146	A	298	 	S	H	0.315	1	-0.2	4	-2.4	2	-0.2	-1	-0.2	7	20	-1.073	-0.771	H	-0.228	1.399	-4.76	0.67	-2.647
3h5z	A	79	 	N	H	0.045	-4	-1.7	92	-0.3	-5	-0.2	-3	-0.2	18	13	-2.41	0.016	H	0.945	0.828	1.299	-0.169	0.933	A	170	 	C	E	0.03	-4	-1.7	92	-0.3	-5	-0.2	-3	-0.2	21	16	-2.704	2.096	H	-1.343	0.465	-0.862	-1.02	-0.255
3h5z	A	229	 	E	H	0.443	-4	-2.1	-2	-0.2	1	-0.3	-1	-0.2	11	10	-1.036	-0.634	H	1.357	-1.453	1.477	0.113	-0.837	A	335	 	N	-	0.255	-4	-2.1	-2	-0.2	1	-0.3	-1	-0.2	16	4	-1.283	2.366	H	0.945	0.828	1.299	-0.169	0.933
3h5z	A	125	 	F	E	0.0	45	-2.3	45	-2.5	-2	-0.3	2	-0.3	18	22	-2.639	2.717	H	-1.006	-0.59	1.891	-0.397	0.412	A	170	 	C	E	0.03	45	-2.3	45	-2.5	-2	-0.3	2	-0.3	21	16	-2.704	2.096	H	-1.343	0.465	-0.862	-1.02	-0.255
3h5z	A	48	 	E	S	0.68	1	-0.1	0	0.0	3	-0.0	0	0.0	3	9	-1.642	2.605	H	1.357	-1.453	1.477	0.113	-0.837	A	190	 	R	H	0.125	1	-0.1	0	0.0	3	-0.0	0	0.0	13	19	-1.047	-0.864	H	1.538	-0.055	1.502	0.44	2.897
3h5z	A	214	 	S	E	0.346	197	-0.3	2	-0.3	-2	-0.3	186	-0.2	9	20	-2.585	2.294	H	-0.228	1.399	-4.76	0.67	-2.647	A	413	 	P	G	0.176	197	-0.3	2	-0.3	-2	-0.3	186	-0.2	15	16	-1.133	-0.428	H	0.189	2.081	-1.628	0.421	-1.392
3h5z	A	103	 	P	-	0.022	0	0.0	3	-1.8	0	0.0	193	-0.1	13	15	-1.266	2.986	H	0.189	2.081	-1.628	0.421	-1.392	A	300	 	Y	H	0.095	0	0.0	3	-1.8	0	0.0	193	-0.1	21	18	-1.363	-0.239	H	0.26	0.83	3.097	-0.838	1.512
3h5z	A	33	 	A	-	0.047	-2	-0.3	124	-0.2	121	-0.3	104	-0.2	20	18	-1.217	2.442	H	-0.591	-1.302	-0.733	1.57	-0.146	A	157	 	Y	T	0.266	-2	-0.3	124	-0.2	121	-0.3	104	-0.2	14	10	-1.922	0.62	H	0.26	0.83	3.097	-0.838	1.512
3h5z	A	320	 	T	E	0.162	-7	-2.2	32	-0.7	-2	-0.6	2	-0.3	15	16	-1.995	-0.267	H	-0.032	0.326	2.213	0.908	1.313	A	352	 	T	S	0.683	-7	-2.2	32	-0.7	-2	-0.6	2	-0.3	13	12	-2.029	-0.442	H	-0.032	0.326	2.213	0.908	1.313
3h5z	A	204	 	A	E	0.226	196	-2.1	196	-2.7	-2	-0.3	4	-0.1	10	17	-2.671	2.707	H	-0.591	-1.302	-0.733	1.57	-0.146	A	400	 	R	E	0.19	196	-2.1	196	-2.7	-2	-0.3	4	-0.1	12	20	-1.855	2.357	H	1.538	-0.055	1.502	0.44	2.897
3h5z	A	132	 	T	E	0.134	159	-0.5	159	-2.3	-2	-0.3	2	-0.4	8	19	-1.719	2.136	H	-0.032	0.326	2.213	0.908	1.313	A	161	 	R	E	0.278	159	-0.5	159	-2.3	-2	-0.3	2	-0.4	16	12	-2.052	2.517	H	1.538	-0.055	1.502	0.44	2.897
3h5z	A	91	 	N	-	0.127	238	-2.8	-1	-0.1	-13	-0.1	-14	-0.1	12	21	-2.218	1.074	H	0.945	0.828	1.299	-0.169	0.933	A	329	 	P	E	0.029	238	-2.8	-1	-0.1	-13	-0.1	-14	-0.1	14	16	-1.388	2.716	H	0.189	2.081	-1.628	0.421	-1.392
3h5z	A	63	 	M	T	0.005	-2	-0.9	38	-0.2	1	-0.3	-1	-0.1	24	10	-1.469	0.226	H	-0.663	-1.524	2.219	-1.005	1.212	A	98	 	Q	H	0.359	-2	-0.9	38	-0.2	1	-0.3	-1	-0.1	12	21	-1.147	-0.717	H	0.931	-0.179	-3.005	-0.503	-1.853
3h5z	A	304	 	R	B	0.383	4	-2.4	3	-2.5	-3	-0.1	4	-1.7	13	11	-2.29	2.194	H	1.538	-0.055	1.502	0.44	2.897	A	308	 	V	E	0.007	4	-2.4	3	-2.5	-3	-0.1	4	-1.7	18	17	-2.338	2.355	H	-1.337	-0.279	-0.544	1.242	-1.262
3h5z	A	71	 	A	H	0.274	-4	-1.9	4	-1.8	2	-0.2	-1	-0.2	18	12	-1.066	-0.714	H	-0.591	-1.302	-0.733	1.57	-0.146	A	122	 	L	E	0.146	-4	-1.9	4	-1.8	2	-0.2	-1	-0.2	19	17	-1.201	2.26	H	-1.019	-0.987	-1.505	1.266	-0.912
3h5z	A	342	 	N	E	0.178	-2	-0.5	31	-2.8	-13	-0.2	32	-1.0	13	24	-1.787	1.75	H	0.945	0.828	1.299	-0.169	0.933	A	373	 	D	S	0.043	-2	-0.5	31	-2.8	-13	-0.2	32	-1.0	17	21	-1.724	-0.384	H	1.05	0.302	-3.656	-0.259	-3.242
3h5z	A	310	 	T	E	0.0	-2	-0.4	-43	-2.4	14	-0.2	2	-0.4	23	21	-2.434	2.304	H	-0.032	0.326	2.213	0.908	1.313	A	323	 	F	E	0.0	-2	-0.4	-43	-2.4	14	-0.2	2	-0.4	16	26	-2.426	2.835	H	-1.006	-0.59	1.891	-0.397	0.412
3h5z	A	183	 	I	H	0.231	-4	-0.8	4	-2.4	-3	-0.4	5	-0.2	15	14	-1.136	-0.735	H	-1.239	-0.547	2.131	0.393	0.816	A	187	 	E	H	0.0	-4	-0.8	4	-2.4	-3	-0.4	5	-0.2	21	14	-1.274	-0.685	H	1.357	-1.453	1.477	0.113	-0.837
3h5z	A	72	 	I	H	0.0	-4	-1.9	4	-2.4	1	-0.2	5	-0.2	28	19	-1.184	-0.766	H	-1.239	-0.547	2.131	0.393	0.816	A	76	 	L	H	0.018	-4	-1.9	4	-2.4	1	-0.2	5	-0.2	18	16	-1.273	-0.741	H	-1.019	-0.987	-1.505	1.266	-0.912
3h5z	A	190	 	R	H	0.125	-4	-1.9	4	-2.3	2	-0.2	-1	-0.2	13	19	-1.047	-0.864	H	1.538	-0.055	1.502	0.44	2.897	A	194	 	R	T	0.339	-4	-1.9	4	-2.3	2	-0.2	-1	-0.2	13	11	-1.251	-0.199	H	1.538	-0.055	1.502	0.44	2.897
3h5z	A	172	 	H	-	0.152	-49	-2.7	3	-2.4	-2	-0.4	4	-0.4	13	16	-0.963	2.425	H	0.336	-0.417	-1.673	-1.474	-0.078	A	176	 	R	T	0.46	-49	-2.7	3	-2.4	-2	-0.4	4	-0.4	5	11	-1.034	2.567	H	1.538	-0.055	1.502	0.44	2.897
3h5z	A	256	 	P	-	0.301	0	0.0	113	-0.1	0	0.0	4	-0.1	10	9	-0.997	2.594	H	0.189	2.081	-1.628	0.421	-1.392	A	365	 	I	H	0.0	0	0.0	113	-0.1	0	0.0	4	-0.1	14	20	-1.086	-0.832	H	-1.239	-0.547	2.131	0.393	0.816
3h5z	A	220	 	R	E	0.044	155	-2.2	155	-1.9	-2	-0.3	2	-0.2	26	16	-2.279	1.924	H	1.538	-0.055	1.502	0.44	2.897	A	390	 	L	H	0.055	155	-2.2	155	-1.9	-2	-0.3	2	-0.2	22	8	-1.6	0.132	H	-1.019	-0.987	-1.505	1.266	-0.912
3h5z	A	33	 	A	-	0.047	-2	-0.3	124	-0.2	121	-0.3	104	-0.2	20	18	-1.217	2.442	H	-0.591	-1.302	-0.733	1.57	-0.146	A	137	 	T	-	0.056	-2	-0.3	124	-0.2	121	-0.3	104	-0.2	19	20	-0.87	2.322	H	-0.032	0.326	2.213	0.908	1.313
3h5z	A	66	 	A	H	0.67	-2	-0.5	4	-2.1	1	-0.3	5	-0.1	0	17	-0.923	-0.784	H	-0.591	-1.302	-0.733	1.57	-0.146	A	70	 	H	H	0.38	-2	-0.5	4	-2.1	1	-0.3	5	-0.1	3	21	-1.087	-0.742	H	0.336	-0.417	-1.673	-1.474	-0.078
3h5z	A	58	 	W	E	0.185	-2	-0.3	2	-0.3	56	-0.2	56	-0.2	14	18	-1.273	2.524	H	-0.595	0.009	0.672	-2.128	-0.184	A	187	 	E	H	0.0	-2	-0.3	2	-0.3	56	-0.2	56	-0.2	21	14	-1.274	-0.685	H	1.357	-1.453	1.477	0.113	-0.837
3h5z	A	277	 	R	H	0.52	-4	-2.2	4	-2.2	-5	-0.2	5	-0.2	8	18	-1.032	-0.954	H	1.538	-0.055	1.502	0.44	2.897	A	280	 	M	H	0.117	-4	-2.2	4	-2.2	-5	-0.2	5	-0.2	12	16	-1.147	-0.596	H	-0.663	-1.524	2.219	-1.005	1.212
3h5z	A	360	 	I	H	0.0	-4	-2.6	4	-2.3	1	-0.2	5	-0.2	24	22	-1.332	-0.392	H	-1.239	-0.547	2.131	0.393	0.816	A	363	 	L	H	0.0	-4	-2.6	4	-2.3	1	-0.2	5	-0.2	24	23	-1.036	-0.86	H	-1.019	-0.987	-1.505	1.266	-0.912
3h5z	A	226	 	K	H	0.112	-3	-0.3	4	-2.1	2	-0.2	6	-0.2	14	15	-1.192	-0.811	H	1.831	-0.561	0.533	-0.277	1.648	A	340	 	L	E	0.341	-3	-0.3	4	-2.1	2	-0.2	6	-0.2	10	20	-2.433	2.593	H	-1.019	-0.987	-1.505	1.266	-0.912
3h5z	A	238	 	Q	G	0.657	1	-0.3	3	-1.7	2	-0.2	-1	-0.3	1	13	-1.208	-0.331	H	0.931	-0.179	-3.005	-0.503	-1.853	A	241	 	K	G	0.78	1	-0.3	3	-1.7	2	-0.2	-1	-0.3	4	8	-1.42	-0.062	H	1.831	-0.561	0.533	-0.277	1.648
3h5z	A	211	 	P	-	0.029	0	0.0	191	-0.2	0	0.0	-1	-0.1	16	22	-1.208	2.584	H	0.189	2.081	-1.628	0.421	-1.392	A	410	 	K	-	0.263	0	0.0	191	-0.2	0	0.0	-1	-0.1	9	27	-0.927	2.258	H	1.831	-0.561	0.533	-0.277	1.648
3h5z	A	244	 	N	-	0.516	1	-0.2	4	-1.7	2	-0.1	-1	-0.3	6	8	-2.256	1.531	H	0.945	0.828	1.299	-0.169	0.933	A	248	 	M	H	0.245	1	-0.2	4	-1.7	2	-0.1	-1	-0.3	10	10	-1.257	-0.616	H	-0.663	-1.524	2.219	-1.005	1.212
3h5z	A	68	 	D	H	0.27	-3	-0.7	4	-1.9	-6	-0.3	-1	-0.2	10	12	-1.237	-0.809	H	1.05	0.302	-3.656	-0.259	-3.242	A	72	 	I	H	0.0	-3	-0.7	4	-1.9	-6	-0.3	-1	-0.2	28	19	-1.184	-0.766	H	-1.239	-0.547	2.131	0.393	0.816
3h5z	A	164	 	C	E	0.007	35	-1.7	37	-2.0	-34	-0.2	2	-0.5	20	15	-1.996	2.402	H	-1.343	0.465	-0.862	-1.02	-0.255	A	199	 	Q	-	0.045	35	-1.7	37	-2.0	-34	-0.2	2	-0.5	17	22	-2.088	2.773	H	0.931	-0.179	-3.005	-0.503	-1.853
3h5z	A	73	 	Y	H	0.149	-4	-2.9	4	-2.8	2	-0.2	-2	-0.2	14	16	-0.901	-0.811	H	0.26	0.83	3.097	-0.838	1.512	A	76	 	L	H	0.018	-4	-2.9	4	-2.8	2	-0.2	-2	-0.2	18	16	-1.273	-0.741	H	-1.019	-0.987	-1.505	1.266	-0.912
3h5z	A	73	 	Y	H	0.149	-4	-2.9	4	-2.8	2	-0.2	-2	-0.2	14	16	-0.901	-0.811	H	0.26	0.83	3.097	-0.838	1.512	A	77	 	R	H	0.286	-4	-2.9	4	-2.8	2	-0.2	-2	-0.2	9	23	-0.871	-0.708	H	1.538	-0.055	1.502	0.44	2.897
3h5z	A	12	 	H	-	0.451	1	-0.1	4	-2.3	2	-0.1	5	-0.2	12	3	-2.338	1.536	H	0.336	-0.417	-1.673	-1.474	-0.078	A	16	 	S	G	0.531	1	-0.1	4	-2.3	2	-0.1	5	-0.2	3	13	-1.143	-0.221	H	-0.228	1.399	-4.76	0.67	-2.647
3h5z	A	223	 	N	S	0.369	150	-2.2	4	-2.3	1	-0.1	3	-0.3	16	19	-2.21	1.392	H	0.945	0.828	1.299	-0.169	0.933	A	226	 	K	H	0.112	150	-2.2	4	-2.3	1	-0.1	3	-0.3	14	15	-1.192	-0.811	H	1.831	-0.561	0.533	-0.277	1.648
3h5z	A	344	 	A	E	0.0	30	-2.5	32	-2.7	-2	-0.4	2	-0.4	21	18	-1.872	2.263	H	-0.591	-1.302	-0.733	1.57	-0.146	A	374	 	V	E	0.0	30	-2.5	32	-2.7	-2	-0.4	2	-0.4	22	22	-2.709	2.688	H	-1.337	-0.279	-0.544	1.242	-1.262
3h5z	A	21	 	P	-	0.059	0	0.0	3	-0.0	0	0.0	-3	-0.0	20	13	-1.134	2.467	H	0.189	2.081	-1.628	0.421	-1.392	A	27	 	T	H	0.021	0	0.0	3	-0.0	0	0.0	-3	-0.0	17	9	-0.934	-0.61	H	-0.032	0.326	2.213	0.908	1.313
3h5z	A	47	 	E	S	0.727	-4	-0.1	-2	-0.0	2	-0.1	-4	-0.0	1	15	-1.214	-0.544	H	1.357	-1.453	1.477	0.113	-0.837	A	190	 	R	H	0.125	-4	-0.1	-2	-0.0	2	-0.1	-4	-0.0	13	19	-1.047	-0.864	H	1.538	-0.055	1.502	0.44	2.897
3h5z	A	97	 	L	H	0.0	-4	-2.4	4	-2.0	1	-0.2	5	-0.2	22	15	-1.108	-0.652	H	-1.019	-0.987	-1.505	1.266	-0.912	A	101	 	L	H	0.024	-4	-2.4	4	-2.0	1	-0.2	5	-0.2	22	17	-1.621	-0.225	H	-1.019	-0.987	-1.505	1.266	-0.912
3h5z	A	94	 	E	H	0.361	1	-0.2	4	-2.3	2	-0.2	5	-0.2	9	22	-1.043	-0.782	H	1.357	-1.453	1.477	0.113	-0.837	A	97	 	L	H	0.0	1	-0.2	4	-2.3	2	-0.2	5	-0.2	22	15	-1.108	-0.652	H	-1.019	-0.987	-1.505	1.266	-0.912
3h5z	A	250	 	K	H	0.473	-4	-2.5	4	-0.7	1	-0.2	3	-0.2	7	14	-1.008	-0.836	H	1.831	-0.561	0.533	-0.277	1.648	A	254	 	Q	-	0.702	-4	-2.5	4	-0.7	1	-0.2	3	-0.2	8	15	-1.089	2.612	H	0.931	-0.179	-3.005	-0.503	-1.853
3h5z	A	94	 	E	H	0.361	1	-0.2	4	-2.3	2	-0.2	5	-0.2	9	22	-1.043	-0.782	H	1.357	-1.453	1.477	0.113	-0.837	A	98	 	Q	H	0.359	1	-0.2	4	-2.3	2	-0.2	5	-0.2	12	21	-1.147	-0.717	H	0.931	-0.179	-3.005	-0.503	-1.853
3h5z	A	165	 	E	E	0.093	-36	-2.9	-36	-1.8	-2	-0.4	2	-0.3	18	24	-1.848	2.217	H	1.357	-1.453	1.477	0.113	-0.837	A	201	 	V	E	0.0	-36	-2.9	-36	-1.8	-2	-0.4	2	-0.3	21	21	-2.21	2.554	H	-1.337	-0.279	-0.544	1.242	-1.262
3h5z	A	388	 	E	H	0.706	-4	-0.4	3	-1.0	1	-0.2	-1	-0.2	1	15	-1.222	-0.847	H	1.357	-1.453	1.477	0.113	-0.837	A	391	 	K	T	0.429	-4	-0.4	3	-1.0	1	-0.2	-1	-0.2	10	16	1.279	0.555	L	1.831	-0.561	0.533	-0.277	1.648
3h5z	A	355	 	P	-	0.5	0	0.0	4	-1.5	0	0.0	3	-0.9	6	14	-1.065	2.595	H	0.189	2.081	-1.628	0.421	-1.392	A	358	 	Q	H	0.389	0	0.0	4	-1.5	0	0.0	3	-0.9	11	17	-1.253	-0.633	H	0.931	-0.179	-3.005	-0.503	-1.853
3h5z	A	142	 	K	H	0.317	-4	-2.2	4	-2.1	2	-0.2	-2	-0.2	10	17	-1.137	-0.47	H	1.831	-0.561	0.533	-0.277	1.648	A	158	 	D	-	0.393	-4	-2.2	4	-2.1	2	-0.2	-2	-0.2	8	15	-1.2	-0.446	H	1.05	0.302	-3.656	-0.259	-3.242
3h5z	A	67	 	D	H	0.853	2	-0.2	4	-1.9	1	-0.2	-1	-0.3	0	15	-1.226	-0.609	H	1.05	0.302	-3.656	-0.259	-3.242	A	71	 	A	H	0.274	2	-0.2	4	-1.9	1	-0.2	-1	-0.3	18	12	-1.066	-0.714	H	-0.591	-1.302	-0.733	1.57	-0.146
3h5z	A	277	 	R	H	0.52	-4	-2.2	4	-2.2	-5	-0.2	5	-0.2	8	18	-1.032	-0.954	H	1.538	-0.055	1.502	0.44	2.897	A	281	 	N	H	0.732	-4	-2.2	4	-2.2	-5	-0.2	5	-0.2	8	13	-1.114	-0.746	H	0.945	0.828	1.299	-0.169	0.933
3h5z	A	220	 	R	E	0.044	155	-2.2	155	-1.9	-2	-0.3	2	-0.2	26	16	-2.279	1.924	H	1.538	-0.055	1.502	0.44	2.897	A	253	 	Y	H	0.221	155	-2.2	155	-1.9	-2	-0.3	2	-0.2	18	10	-1.73	0.05	H	0.26	0.83	3.097	-0.838	1.512
3h5z	A	199	 	Q	-	0.045	-37	-0.2	-35	-1.7	-7	-0.1	2	-0.3	17	22	-2.088	2.773	H	0.931	-0.179	-3.005	-0.503	-1.853	A	406	 	W	-	0.018	-37	-0.2	-35	-1.7	-7	-0.1	2	-0.3	19	15	-2.6	1.984	H	-0.595	0.009	0.672	-2.128	-0.184
3h5z	A	193	 	N	H	0.115	-4	-2.9	3	-2.0	-5	-0.2	-2	-0.2	16	14	-1.103	-0.523	H	0.945	0.828	1.299	-0.169	0.933	A	198	 	W	-	0.189	-4	-2.9	3	-2.0	-5	-0.2	-2	-0.2	14	20	-2.188	-0.139	H	-0.595	0.009	0.672	-2.128	-0.184
3h5z	A	138	 	P	-	0.007	0	0.0	4	-2.2	0	0.0	3	-0.9	17	18	-1.225	2.8	H	0.189	2.081	-1.628	0.421	-1.392	A	142	 	K	H	0.317	0	0.0	4	-2.2	0	0.0	3	-0.9	10	17	-1.137	-0.47	H	1.831	-0.561	0.533	-0.277	1.648
3h5z	A	171	 	V	E	0.12	-2	-0.3	-47	-0.2	-92	-0.3	5	-0.1	12	22	-1.916	2.434	H	-1.337	-0.279	-0.544	1.242	-1.262	A	176	 	R	T	0.46	-2	-0.3	-47	-0.2	-92	-0.3	5	-0.1	5	11	-1.034	2.567	H	1.538	-0.055	1.502	0.44	2.897
3h5z	A	212	 	Y	S	0.027	189	-2.3	199	-2.8	1	-0.3	2	-0.3	21	23	-1.559	-0.293	H	0.26	0.83	3.097	-0.838	1.512	A	403	 	F	E	0.041	189	-2.3	199	-2.8	1	-0.3	2	-0.3	20	19	-1.917	2.663	H	-1.006	-0.59	1.891	-0.397	0.412
3h5z	A	264	 	L	E	0.189	-3	-1.6	2	-0.3	49	-0.2	-1	-0.3	16	14	-1.182	2.342	H	-1.019	-0.987	-1.505	1.266	-0.912	A	312	 	V	E	0.0	-3	-1.6	2	-0.3	49	-0.2	-1	-0.3	19	25	-1.931	2.683	H	-1.337	-0.279	-0.544	1.242	-1.262
3h5z	A	27	 	T	H	0.021	-4	-2.1	3	-0.8	1	-0.3	383	-0.6	17	9	-0.934	-0.61	H	-0.032	0.326	2.213	0.908	1.313	A	30	 	I	-	0.083	-4	-2.1	3	-0.8	1	-0.3	383	-0.6	21	7	-1.4	2.376	H	-1.239	-0.547	2.131	0.393	0.816
3h5z	A	188	 	A	H	0.057	-4	-2.6	4	-2.5	1	-0.2	5	-0.2	22	19	-0.956	-0.812	H	-0.591	-1.302	-0.733	1.57	-0.146	A	192	 	V	H	0.07	-4	-2.6	4	-2.5	1	-0.2	5	-0.2	23	14	-1.065	-0.863	H	-1.337	-0.279	-0.544	1.242	-1.262
3h5z	A	306	 	G	T	0.381	1	-0.1	-1	-0.3	-211	-0.0	-213	-0.2	6	20	1.248	-0.062	L	-0.384	1.652	1.33	1.045	2.064	A	327	 	R	E	0.21	1	-0.1	-1	-0.3	-211	-0.0	-213	-0.2	20	21	-1.86	2.216	H	1.538	-0.055	1.502	0.44	2.897
3h5z	A	151	 	G	H	0.238	-6	-0.4	4	-1.4	1	-0.2	-1	-0.1	4	18	-1.131	-0.54	H	-0.384	1.652	1.33	1.045	2.064	A	155	 	A	H	0.358	-6	-0.4	4	-1.4	1	-0.2	-1	-0.1	5	20	-1.797	0.027	H	-0.591	-1.302	-0.733	1.57	-0.146
3h5z	A	140	 	Y	H	0.464	1	-0.2	4	-1.3	2	-0.2	-1	-0.3	5	16	-1.067	-0.55	H	0.26	0.83	3.097	-0.838	1.512	A	144	 	K	H	0.502	1	-0.2	4	-1.3	2	-0.2	-1	-0.3	9	11	-1.078	-0.679	H	1.831	-0.561	0.533	-0.277	1.648
3h5z	A	142	 	K	H	0.317	-4	-2.2	4	-2.1	2	-0.2	-2	-0.2	10	17	-1.137	-0.47	H	1.831	-0.561	0.533	-0.277	1.648	A	145	 	A	H	0.019	-4	-2.2	4	-2.1	2	-0.2	-2	-0.2	17	6	-1.124	-0.759	H	-0.591	-1.302	-0.733	1.57	-0.146
3h5z	A	81	 	V	-	0.542	8	-0.1	9	-2.4	1	-0.0	2	-0.3	10	20	-1.052	2.222	H	-1.337	-0.279	-0.544	1.242	-1.262	A	89	 	R	E	0.157	8	-0.1	9	-2.4	1	-0.0	2	-0.3	11	17	-2.362	2.435	H	1.538	-0.055	1.502	0.44	2.897
3h5z	A	363	 	L	H	0.0	-4	-1.0	4	-2.8	2	-0.2	5	-0.2	24	23	-1.036	-0.86	H	-1.019	-0.987	-1.505	1.266	-0.912	A	367	 	A	H	0.0	-4	-1.0	4	-2.8	2	-0.2	5	-0.2	27	13	-1.091	-0.774	H	-0.591	-1.302	-0.733	1.57	-0.146
3h5z	A	145	 	A	H	0.019	-4	-2.4	5	-2.8	1	-0.2	4	-0.7	17	6	-1.124	-0.759	H	-0.591	-1.302	-0.733	1.57	-0.146	A	148	 	K	H	0.678	-4	-2.4	5	-2.8	1	-0.2	4	-0.7	10	4	-1.753	0.006	H	1.831	-0.561	0.533	-0.277	1.648
3h5z	A	76	 	L	H	0.018	-4	-2.4	4	-2.4	2	-0.2	-1	-0.2	18	16	-1.273	-0.741	H	-1.019	-0.987	-1.505	1.266	-0.912	A	80	 	Y	S	0.131	-4	-2.4	4	-2.4	2	-0.2	-1	-0.2	16	15	-1.499	-2.778	H	0.26	0.83	3.097	-0.838	1.512
3h5z	A	70	 	H	H	0.38	-4	-2.1	4	-2.3	-5	-0.3	-2	-0.2	3	21	-1.087	-0.742	H	0.336	-0.417	-1.673	-1.474	-0.078	A	73	 	Y	H	0.149	-4	-2.1	4	-2.3	-5	-0.3	-2	-0.2	14	16	-0.901	-0.811	H	0.26	0.83	3.097	-0.838	1.512
3h5z	A	70	 	H	H	0.38	-4	-2.1	4	-2.3	-5	-0.3	-2	-0.2	3	21	-1.087	-0.742	H	0.336	-0.417	-1.673	-1.474	-0.078	A	94	 	E	H	0.361	-4	-2.1	4	-2.3	-5	-0.3	-2	-0.2	9	22	-1.043	-0.782	H	1.357	-1.453	1.477	0.113	-0.837
3h5z	A	216	 	Q	E	0.354	-2	-0.3	163	-1.7	182	-0.2	2	-0.2	9	18	-1.221	2.674	H	0.931	-0.179	-3.005	-0.503	-1.853	A	378	 	V	E	0.099	-2	-0.3	163	-1.7	182	-0.2	2	-0.2	21	20	-1.952	2.831	H	-1.337	-0.279	-0.544	1.242	-1.262
3h5z	A	380	 	I	-	0.047	-2	-1.8	3	-2.3	34	-0.1	4	-0.3	22	16	-1.559	-3.091	H	-1.239	-0.547	2.131	0.393	0.816	A	383	 	N	G	0.025	-2	-1.8	3	-2.3	34	-0.1	4	-0.3	25	13	-1.2	-0.451	H	0.945	0.828	1.299	-0.169	0.933
3h5z	A	383	 	N	G	0.025	-3	-2.3	3	-1.1	1	-0.3	4	-0.5	25	13	-1.2	-0.451	H	0.945	0.828	1.299	-0.169	0.933	A	387	 	V	H	0.063	-3	-2.3	3	-1.1	1	-0.3	4	-0.5	13	13	-1.054	-0.905	H	-1.337	-0.279	-0.544	1.242	-1.262
3h5z	A	272	 	V	H	0.092	-3	-1.7	4	-2.8	-4	-0.4	5	-0.2	14	16	-0.972	-0.84	H	-1.337	-0.279	-0.544	1.242	-1.262	A	275	 	V	H	0.0	-3	-1.7	4	-2.8	-4	-0.4	5	-0.2	25	16	-1.247	-0.722	H	-1.337	-0.279	-0.544	1.242	-1.262
3h5z	A	310	 	T	E	0.0	-2	-0.4	-43	-2.4	14	-0.2	2	-0.4	23	21	-2.434	2.304	H	-0.032	0.326	2.213	0.908	1.313	A	324	 	S	E	0.008	-2	-0.4	-43	-2.4	14	-0.2	2	-0.4	18	24	-2.456	2.661	H	-0.228	1.399	-4.76	0.67	-2.647
3h5z	A	136	 	G	S	0.095	22	-0.3	22	-0.1	151	-0.3	19	-0.1	12	19	-1.351	3.046	H	-0.384	1.652	1.33	1.045	2.064	A	408	 	Y	-	0.018	22	-0.3	22	-0.1	151	-0.3	19	-0.1	22	17	-2.622	2.3	H	0.26	0.83	3.097	-0.838	1.512
3h5z	A	186	 	K	H	0.337	-4	-2.6	4	-1.9	-5	-0.3	-2	-0.2	14	15	-1.067	-0.678	H	1.831	-0.561	0.533	-0.277	1.648	A	189	 	T	H	0.197	-4	-2.6	4	-1.9	-5	-0.3	-2	-0.2	14	25	-1.044	-0.781	H	-0.032	0.326	2.213	0.908	1.313
3h5z	A	307	 	V	T	0.014	-3	-2.5	20	-2.1	1	-0.4	2	-0.4	16	16	-2.142	-1.103	H	-1.337	-0.279	-0.544	1.242	-1.262	A	326	 	Y	E	0.059	-3	-2.5	20	-2.1	1	-0.4	2	-0.4	18	22	-2.11	2.728	H	0.26	0.83	3.097	-0.838	1.512
3h5z	A	367	 	A	H	0.0	-4	-2.8	5	-2.4	1	-0.2	-2	-0.2	27	13	-1.091	-0.774	H	-0.591	-1.302	-0.733	1.57	-0.146	A	370	 	R	T	0.423	-4	-2.8	5	-2.4	1	-0.2	-2	-0.2	14	10	-1.471	0.149	H	1.538	-0.055	1.502	0.44	2.897
3h5z	A	50	 	Y	-	0.41	133	-0.1	137	-0.1	1	-0.1	133	-0.0	14	8	-1.061	2.548	H	0.26	0.83	3.097	-0.838	1.512	A	187	 	E	H	0.0	133	-0.1	137	-0.1	1	-0.1	133	-0.0	21	14	-1.274	-0.685	H	1.357	-1.453	1.477	0.113	-0.837
3h5z	A	95	 	E	H	0.624	1	-0.2	4	-1.9	2	-0.2	-1	-0.2	8	19	-1.091	-0.671	H	1.357	-1.453	1.477	0.113	-0.837	A	98	 	Q	H	0.359	1	-0.2	4	-1.9	2	-0.2	-1	-0.2	12	21	-1.147	-0.717	H	0.931	-0.179	-3.005	-0.503	-1.853
3h5z	A	22	 	Q	-	0.354	187	-0.1	2	-0.3	1	-0.1	3	-0.1	10	20	-1.633	-0.373	H	0.931	-0.179	-3.005	-0.503	-1.853	A	26	 	E	H	0.294	187	-0.1	2	-0.3	1	-0.1	3	-0.1	9	10	-1.069	-0.947	H	1.357	-1.453	1.477	0.113	-0.837
3h5z	A	114	 	V	E	0.0	10	-1.8	9	-2.9	-2	-0.3	10	-1.5	25	17	-2.006	2.368	H	-1.337	-0.279	-0.544	1.242	-1.262	A	124	 	A	E	0.0	10	-1.8	9	-2.9	-2	-0.3	10	-1.5	20	25	-2.895	2.723	H	-0.591	-1.302	-0.733	1.57	-0.146
3h5z	A	139	 	K	H	0.473	1	-0.3	4	-1.5	2	-0.2	5	-0.2	7	21	-0.835	-0.961	H	1.831	-0.561	0.533	-0.277	1.648	A	415	 	Q	G	0.263	1	-0.3	4	-1.5	2	-0.2	5	-0.2	14	20	-1.791	0.163	H	0.931	-0.179	-3.005	-0.503	-1.853
3h5z	A	356	 	L	H	0.165	1	-0.3	4	-2.6	2	-0.2	5	-0.3	9	17	-0.979	-0.69	H	-1.019	-0.987	-1.505	1.266	-0.912	A	360	 	I	H	0.0	1	-0.3	4	-2.6	2	-0.2	5	-0.3	24	22	-1.332	-0.392	H	-1.239	-0.547	2.131	0.393	0.816
3h5z	A	109	 	D	G	0.405	1	-0.3	82	-0.1	82	-0.1	83	-0.1	10	21	-1.004	-0.368	H	1.05	0.302	-3.656	-0.259	-3.242	A	191	 	R	H	0.032	1	-0.3	82	-0.1	82	-0.1	83	-0.1	19	14	-1.068	-0.73	H	1.538	-0.055	1.502	0.44	2.897
3h5z	A	236	 	P	-	0.449	0	0.0	3	-1.9	0	0.0	4	-0.3	6	11	-1.109	2.503	H	0.189	2.081	-1.628	0.421	-1.392	A	239	 	Y	G	0.158	0	0.0	3	-1.9	0	0.0	4	-0.3	12	6	-1.132	-0.299	H	0.26	0.83	3.097	-0.838	1.512
3h5z	A	346	 	V	E	0.049	30	-2.4	-21	-0.2	-2	-0.4	32	-0.2	21	20	-1.115	2.319	H	-1.337	-0.279	-0.544	1.242	-1.262	A	376	 	N	E	0.057	30	-2.4	-21	-0.2	-2	-0.4	32	-0.2	13	22	-1.994	2.78	H	0.945	0.828	1.299	-0.169	0.933
3h5z	A	218	 	F	E	0.056	159	-2.9	159	-1.9	176	-0.3	2	-0.3	16	15	-2.276	2.581	H	-1.006	-0.59	1.891	-0.397	0.412	A	394	 	A	E	0.538	159	-2.9	159	-1.9	176	-0.3	2	-0.3	7	16	-1.028	2.452	H	-0.591	-1.302	-0.733	1.57	-0.146
3h5z	A	275	 	V	H	0.0	-4	-2.7	4	-2.6	1	-0.2	5	-0.3	25	16	-1.247	-0.722	H	-1.337	-0.279	-0.544	1.242	-1.262	A	279	 	L	H	0.0	-4	-2.7	4	-2.6	1	-0.2	5	-0.3	22	16	-1.204	-0.853	H	-1.019	-0.987	-1.505	1.266	-0.912
3h5z	A	93	 	S	-	0.131	234	-0.3	4	-2.4	213	-0.2	5	-0.1	12	19	-1.405	2.887	H	-0.228	1.399	-4.76	0.67	-2.647	A	96	 	F	H	0.0	234	-0.3	4	-2.4	213	-0.2	5	-0.1	12	18	-1.093	-0.786	H	-1.006	-0.59	1.891	-0.397	0.412
3h5z	A	116	 	R	E	0.423	5	-2.4	4	-2.2	-2	-0.3	5	-0.4	8	13	-1.337	2.259	H	1.538	-0.055	1.502	0.44	2.897	A	119	 	D	T	0.521	5	-2.4	4	-2.2	-2	-0.3	5	-0.4	3	8	-2.274	-0.049	H	1.05	0.302	-3.656	-0.259	-3.242
3h5z	A	359	 	L	H	0.0	-4	-1.5	4	-1.0	-3	-0.2	3	-0.6	20	16	-1.093	-0.863	H	-1.019	-0.987	-1.505	1.266	-0.912	A	362	 	D	H	0.0	-4	-1.5	4	-1.0	-3	-0.2	3	-0.6	21	16	-1.3	-0.464	H	1.05	0.302	-3.656	-0.259	-3.242
3h5z	A	311	 	Y	E	0.099	12	-2.7	12	-2.5	-2	-0.4	2	-0.3	15	24	-2.249	2.446	H	0.26	0.83	3.097	-0.838	1.512	A	370	 	R	T	0.423	12	-2.7	12	-2.5	-2	-0.4	2	-0.3	14	10	-1.471	0.149	H	1.538	-0.055	1.502	0.44	2.897
3h5z	A	165	 	E	E	0.093	-36	-2.9	-36	-1.8	-2	-0.4	2	-0.3	18	24	-1.848	2.217	H	1.357	-1.453	1.477	0.113	-0.837	A	420	 	M	-	0.085	-36	-2.9	-36	-1.8	-2	-0.4	2	-0.3	15	16	-1.838	2.211	H	-0.663	-1.524	2.219	-1.005	1.212
3h5z	A	123	 	L	E	0.049	-9	-2.9	49	-2.7	1	-0.3	2	-0.3	17	20	-1.95	-0.553	H	-1.019	-0.987	-1.505	1.266	-0.912	A	172	 	H	-	0.152	-9	-2.9	49	-2.7	1	-0.3	2	-0.3	13	16	-0.963	2.425	H	0.336	-0.417	-1.673	-1.474	-0.078
3h5z	A	367	 	A	H	0.0	-4	-2.8	5	-2.4	1	-0.2	-2	-0.2	27	13	-1.091	-0.774	H	-0.591	-1.302	-0.733	1.57	-0.146	A	372	 	F	-	0.041	-4	-2.8	5	-2.4	1	-0.2	-2	-0.2	22	11	-1.275	2.599	H	-1.006	-0.59	1.891	-0.397	0.412
3h5z	A	88	 	F	E	0.147	244	-0.2	-5	-1.5	245	-0.1	2	-0.4	14	18	-2.342	2.521	H	-1.006	-0.59	1.891	-0.397	0.412	A	331	 	T	E	0.183	244	-0.2	-5	-1.5	245	-0.1	2	-0.4	16	15	-1.161	2.315	H	-0.032	0.326	2.213	0.908	1.313
3h5z	A	155	 	A	H	0.358	-4	-1.4	3	-2.2	-3	-0.4	4	-0.3	5	20	-1.797	0.027	H	-0.591	-1.302	-0.733	1.57	-0.146	A	158	 	D	-	0.393	-4	-1.4	3	-2.2	-3	-0.4	4	-0.3	8	15	-1.2	-0.446	H	1.05	0.302	-3.656	-0.259	-3.242
3h5z	A	357	 	H	H	0.364	1	-0.2	4	-1.7	2	-0.2	-1	-0.3	9	19	-1.091	-0.56	H	0.336	-0.417	-1.673	-1.474	-0.078	A	361	 	L	H	0.299	1	-0.2	4	-1.7	2	-0.2	-1	-0.3	17	17	-1.065	-0.573	H	-1.019	-0.987	-1.505	1.266	-0.912
3h5z	A	288	 	V	B	0.0	127	-2.2	129	-2.3	-153	-0.1	130	-0.2	20	21	-2.061	2.158	H	-1.337	-0.279	-0.544	1.242	-1.262	A	417	 	A	-	0.0	127	-2.2	129	-2.3	-153	-0.1	130	-0.2	20	17	-2.105	0.258	H	-0.591	-1.302	-0.733	1.57	-0.146
3h5z	A	296	 	E	H	0.129	2	-0.2	4	-3.1	1	-0.2	5	-0.3	10	16	-1.321	-0.608	H	1.357	-1.453	1.477	0.113	-0.837	A	300	 	Y	H	0.095	2	-0.2	4	-3.1	1	-0.2	5	-0.3	21	18	-1.363	-0.239	H	0.26	0.83	3.097	-0.838	1.512
3h5z	A	246	 	M	H	0.165	1	-0.2	4	-2.5	2	-0.2	5	-0.3	8	18	-1.206	-0.64	H	-0.663	-1.524	2.219	-1.005	1.212	A	249	 	L	H	0.037	1	-0.2	4	-2.5	2	-0.2	5	-0.3	20	8	-1.139	-0.808	H	-1.019	-0.987	-1.505	1.266	-0.912
3h5z	A	134	 	R	E	0.181	155	-3.2	155	-1.4	-2	-0.4	24	-0.1	19	13	-1.278	2.211	H	1.538	-0.055	1.502	0.44	2.897	A	289	 	G	E	0.0	155	-3.2	155	-1.4	-2	-0.4	24	-0.1	20	14	-2.9	2.839	H	-0.384	1.652	1.33	1.045	2.064
3h5z	A	309	 	F	E	0.071	16	-2.8	16	-2.6	-2	-0.4	2	-0.4	12	21	-2.146	2.135	H	-1.006	-0.59	1.891	-0.397	0.412	A	324	 	S	E	0.008	16	-2.8	16	-2.6	-2	-0.4	2	-0.4	18	24	-2.456	2.661	H	-0.228	1.399	-4.76	0.67	-2.647
3h5z	A	65	 	A	S	0.321	-3	-2.1	4	-2.3	1	-0.1	3	-0.7	8	10	-1.628	2.259	H	-0.591	-1.302	-0.733	1.57	-0.146	A	69	 	I	H	0.03	-3	-2.1	4	-2.3	1	-0.1	3	-0.7	15	16	-0.925	-0.747	H	-1.239	-0.547	2.131	0.393	0.816
3h5z	A	379	 	E	S	0.124	-163	-1.7	5	-0.2	-2	-0.3	-163	-0.1	17	18	-1.399	0.752	H	1.357	-1.453	1.477	0.113	-0.837	A	384	 	R	G	0.536	-163	-1.7	5	-0.2	-2	-0.3	-163	-0.1	7	20	-1.083	-0.383	H	1.538	-0.055	1.502	0.44	2.897
3h5z	A	278	 	I	H	0.083	-4	-2.6	4	-1.9	1	-0.2	-1	-0.2	17	11	-1.188	-0.568	H	-1.239	-0.547	2.131	0.393	0.816	A	282	 	Y	H	0.194	-4	-2.6	4	-1.9	1	-0.2	-1	-0.2	15	11	-1.118	-0.864	H	0.26	0.83	3.097	-0.838	1.512
3h5z	A	56	 	F	E	0.218	-3	-2.4	2	-0.3	60	-0.3	60	-0.2	11	11	-1.997	2.964	H	-1.006	-0.59	1.891	-0.397	0.412	A	123	 	L	E	0.049	-3	-2.4	2	-0.3	60	-0.3	60	-0.2	17	20	-1.95	-0.553	H	-1.019	-0.987	-1.505	1.266	-0.912
3h5z	A	226	 	K	H	0.112	-3	-0.3	4	-2.1	2	-0.2	6	-0.2	14	15	-1.192	-0.811	H	1.831	-0.561	0.533	-0.277	1.648	A	230	 	I	T	0.047	-3	-0.3	4	-2.1	2	-0.2	6	-0.2	20	6	-1.663	0.052	H	-1.239	-0.547	2.131	0.393	0.816
3h5z	A	282	 	Y	H	0.194	-4	-1.9	3	-1.6	-5	-0.2	-2	-0.2	15	11	-1.118	-0.864	H	0.26	0.83	3.097	-0.838	1.512	A	285	 	S	T	0.531	-4	-1.9	3	-1.6	-5	-0.2	-2	-0.2	6	14	-1.28	-0.136	H	-0.228	1.399	-4.76	0.67	-2.647
3h5z	A	184	 	L	H	0.006	-4	-2.0	4	-2.6	1	-0.2	5	-0.2	21	18	-1.053	-0.771	H	-1.019	-0.987	-1.505	1.266	-0.912	A	188	 	A	H	0.057	-4	-2.0	4	-2.6	1	-0.2	5	-0.2	22	19	-0.956	-0.812	H	-0.591	-1.302	-0.733	1.57	-0.146
3h5z	A	288	 	V	B	0.0	127	-2.2	129	-2.3	-153	-0.1	130	-0.2	20	21	-2.061	2.158	H	-1.337	-0.279	-0.544	1.242	-1.262	A	415	 	Q	G	0.263	127	-2.2	129	-2.3	-153	-0.1	130	-0.2	14	20	-1.791	0.163	H	0.931	-0.179	-3.005	-0.503	-1.853
3h5z	A	25	 	D	H	0.706	2	-0.2	4	-0.5	1	-0.2	-1	-0.2	0	15	-1.094	-0.636	H	1.05	0.302	-3.656	-0.259	-3.242	A	29	 	K	H	0.576	2	-0.2	4	-0.5	1	-0.2	-1	-0.2	6	12	-1.6	-0.181	H	1.831	-0.561	0.533	-0.277	1.648
3h5z	A	218	 	F	E	0.056	159	-2.9	159	-1.9	176	-0.3	2	-0.3	16	15	-2.276	2.581	H	-1.006	-0.59	1.891	-0.397	0.412	A	393	 	G	E	0.44	159	-2.9	159	-1.9	176	-0.3	2	-0.3	7	20	-2.197	2.554	H	-0.384	1.652	1.33	1.045	2.064
3h5z	A	218	 	F	E	0.056	159	-2.9	159	-1.9	176	-0.3	2	-0.3	16	15	-2.276	2.581	H	-1.006	-0.59	1.891	-0.397	0.412	A	377	 	M	E	0.037	159	-2.9	159	-1.9	176	-0.3	2	-0.3	18	20	-2.866	2.961	H	-0.663	-1.524	2.219	-1.005	1.212
3h5z	A	271	 	D	G	0.055	-3	-2.1	4	-2.7	1	-0.2	5	-0.3	23	8	-1.354	-0.162	H	1.05	0.302	-3.656	-0.259	-3.242	A	274	 	Q	H	0.172	-3	-2.1	4	-2.7	1	-0.2	5	-0.3	15	13	-1.315	-0.637	H	0.931	-0.179	-3.005	-0.503	-1.853
3h5z	A	327	 	R	E	0.21	-20	-2.1	-234	-0.3	-2	-0.3	17	-0.2	20	21	-1.86	2.216	H	1.538	-0.055	1.502	0.44	2.897	A	343	 	A	E	0.009	-20	-2.1	-234	-0.3	-2	-0.3	17	-0.2	17	21	-1.81	2.436	H	-0.591	-1.302	-0.733	1.57	-0.146
3h5z	A	311	 	Y	E	0.099	12	-2.7	12	-2.5	-2	-0.4	2	-0.3	15	24	-2.249	2.446	H	0.26	0.83	3.097	-0.838	1.512	A	366	 	V	H	0.07	12	-2.7	12	-2.5	-2	-0.4	2	-0.3	17	17	-1.045	-0.807	H	-1.337	-0.279	-0.544	1.242	-1.262
3h5z	A	74	 	E	H	0.392	-4	-2.3	4	-2.3	2	-0.2	5	-0.2	7	19	-1.25	-0.627	H	1.357	-1.453	1.477	0.113	-0.837	A	77	 	R	H	0.286	-4	-2.3	4	-2.3	2	-0.2	5	-0.2	9	23	-0.871	-0.708	H	1.538	-0.055	1.502	0.44	2.897
3h5z	A	101	 	L	H	0.024	-4	-2.0	-1	-0.2	-5	-0.2	-2	-0.2	22	17	-1.621	-0.225	H	-1.019	-0.987	-1.505	1.266	-0.912	A	111	 	H	E	0.005	-4	-2.0	-1	-0.2	-5	-0.2	-2	-0.2	16	27	-1.682	1.893	H	0.336	-0.417	-1.673	-1.474	-0.078
3h5z	A	193	 	N	H	0.115	-4	-2.9	3	-2.0	-5	-0.2	-2	-0.2	16	14	-1.103	-0.523	H	0.945	0.828	1.299	-0.169	0.933	A	197	 	V	-	0.141	-4	-2.9	3	-2.0	-5	-0.2	-2	-0.2	22	11	-2.044	2.346	H	-1.337	-0.279	-0.544	1.242	-1.262
3h5z	A	312	 	V	E	0.0	-47	-2.9	-47	-2.2	-2	-0.4	2	-0.7	19	25	-1.931	2.683	H	-1.337	-0.279	-0.544	1.242	-1.262	A	321	 	D	E	0.0	-47	-2.9	-47	-2.2	-2	-0.4	2	-0.7	18	22	-2.715	2.778	H	1.05	0.302	-3.656	-0.259	-3.242
3h5z	A	321	 	D	E	0.0	-8	-1.0	-8	-2.6	30	-0.2	2	-0.3	18	22	-2.715	2.778	H	1.05	0.302	-3.656	-0.259	-3.242	A	352	 	T	S	0.683	-8	-1.0	-8	-2.6	30	-0.2	2	-0.3	13	12	-2.029	-0.442	H	-0.032	0.326	2.213	0.908	1.313
3h5z	A	330	 	S	E	0.085	11	-2.3	11	-2.2	-240	-0.3	-240	-0.2	18	15	-2.125	2.526	H	-0.228	1.399	-4.76	0.67	-2.647	A	340	 	L	E	0.341	11	-2.3	11	-2.2	-240	-0.3	-240	-0.2	10	20	-2.433	2.593	H	-1.019	-0.987	-1.505	1.266	-0.912
3h5z	A	161	 	R	E	0.278	-28	-2.6	-28	-2.5	-3	-0.1	2	-0.8	16	12	-2.052	2.517	H	1.538	-0.055	1.502	0.44	2.897	A	199	 	Q	-	0.045	-28	-2.6	-28	-2.5	-3	-0.1	2	-0.8	17	22	-2.088	2.773	H	0.931	-0.179	-3.005	-0.503	-1.853
3h5z	A	219	 	H	E	0.25	174	-2.4	174	-2.7	-2	-0.3	2	-0.5	13	21	-2.282	2.599	H	0.336	-0.417	-1.673	-1.474	-0.078	A	392	 	F	-	0.071	174	-2.4	174	-2.7	-2	-0.3	2	-0.5	22	10	-1.366	2.667	H	-1.006	-0.59	1.891	-0.397	0.412
3h5z	A	71	 	A	H	0.274	-4	-1.9	4	-1.8	2	-0.2	-1	-0.2	18	12	-1.066	-0.714	H	-0.591	-1.302	-0.733	1.57	-0.146	A	75	 	L	H	0.055	-4	-1.9	4	-1.8	2	-0.2	-1	-0.2	19	16	-1.031	-0.815	H	-1.019	-0.987	-1.505	1.266	-0.912
3h5z	A	349	 	Y	E	0.009	-26	-0.2	2	-0.3	-2	-0.1	-26	-0.2	18	23	-2.77	2.936	H	0.26	0.83	3.097	-0.838	1.512	A	383	 	N	G	0.025	-26	-0.2	2	-0.3	-2	-0.1	-26	-0.2	25	13	-1.2	-0.451	H	0.945	0.828	1.299	-0.169	0.933
3h5z	A	18	 	Q	S	0.131	-3	-1.5	2	-2.3	-4	-0.2	-3	-0.0	18	5	-1.875	2.737	H	0.931	-0.179	-3.005	-0.503	-1.853	A	404	 	Y	E	0.126	-3	-1.5	2	-2.3	-4	-0.2	-3	-0.0	19	20	-1.816	2.177	H	0.26	0.83	3.097	-0.838	1.512
3h5z	A	265	 	R	E	0.218	47	-2.2	47	-2.9	-2	-0.3	0	0.0	8	20	-2.694	2.964	H	1.538	-0.055	1.502	0.44	2.897	A	311	 	Y	E	0.099	47	-2.2	47	-2.9	-2	-0.3	0	0.0	15	24	-2.249	2.446	H	0.26	0.83	3.097	-0.838	1.512
3h5z	A	57	 	E	E	0.227	58	-1.9	58	-2.5	-2	-0.2	2	-0.3	8	17	-2.718	2.553	H	1.357	-1.453	1.477	0.113	-0.837	A	114	 	V	E	0.0	58	-1.9	58	-2.5	-2	-0.2	2	-0.3	25	17	-2.006	2.368	H	-1.337	-0.279	-0.544	1.242	-1.262
3h5z	A	140	 	Y	H	0.464	1	-0.2	4	-1.3	2	-0.2	-1	-0.3	5	16	-1.067	-0.55	H	0.26	0.83	3.097	-0.838	1.512	A	143	 	V	H	0.577	1	-0.2	4	-1.3	2	-0.2	-1	-0.3	2	16	-1.28	-0.723	H	-1.337	-0.279	-0.544	1.242	-1.262
3h5z	A	247	 	A	H	0.406	1	-0.2	4	-2.0	2	-0.2	-1	-0.2	3	14	-1.018	-0.72	H	-0.591	-1.302	-0.733	1.57	-0.146	A	251	 	R	H	0.637	1	-0.2	4	-2.0	2	-0.2	-1	-0.2	6	12	-1.001	-0.859	H	1.538	-0.055	1.502	0.44	2.897
3h5z	A	211	 	P	-	0.029	0	0.0	191	-0.2	0	0.0	-1	-0.1	16	22	-1.208	2.584	H	0.189	2.081	-1.628	0.421	-1.392	A	402	 	Y	E	0.0	0	0.0	191	-0.2	0	0.0	-1	-0.1	18	22	-2.279	2.572	H	0.26	0.83	3.097	-0.838	1.512
3h5z	A	225	 	E	H	0.51	2	-0.2	4	-2.1	1	-0.2	5	-0.1	6	20	-1.143	-0.728	H	1.357	-1.453	1.477	0.113	-0.837	A	228	 	V	H	0.225	2	-0.2	4	-2.1	1	-0.2	5	-0.1	10	14	-1.224	-0.709	H	-1.337	-0.279	-0.544	1.242	-1.262
3h5z	A	276	 	R	H	0.391	-4	-2.8	4	-2.9	-5	-0.3	5	-0.3	15	20	-0.994	-0.782	H	1.538	-0.055	1.502	0.44	2.897	A	292	 	F	-	0.046	-4	-2.8	4	-2.9	-5	-0.3	5	-0.3	23	12	-1.957	2.341	H	-1.006	-0.59	1.891	-0.397	0.412
3h5z	A	187	 	E	H	0.0	-4	-2.4	4	-2.5	2	-0.2	5	-0.2	21	14	-1.274	-0.685	H	1.357	-1.453	1.477	0.113	-0.837	A	191	 	R	H	0.032	-4	-2.4	4	-2.5	2	-0.2	5	-0.2	19	14	-1.068	-0.73	H	1.538	-0.055	1.502	0.44	2.897
3h5z	A	134	 	R	E	0.181	155	-3.2	155	-1.4	-2	-0.4	24	-0.1	19	13	-1.278	2.211	H	1.538	-0.055	1.502	0.44	2.897	A	283	 	L	H	0.006	155	-3.2	155	-1.4	-2	-0.4	24	-0.1	17	14	-1.149	-0.604	H	-1.019	-0.987	-1.505	1.266	-0.912
3h5z	A	14	 	F	T	0.066	2	-0.1	3	-2.0	3	-0.1	-1	-0.2	9	11	-1.603	-0.929	H	-1.006	-0.59	1.891	-0.397	0.412	A	17	 	T	G	0.62	2	-0.1	3	-2.0	3	-0.1	-1	-0.2	4	12	-1.777	0.027	H	-0.032	0.326	2.213	0.908	1.313
3h5z	A	313	 	V	E	0.021	8	-2.6	7	-2.2	-2	-0.3	8	-1.0	19	18	-1.717	1.959	H	-1.337	-0.279	-0.544	1.242	-1.262	A	320	 	T	E	0.162	8	-2.6	7	-2.2	-2	-0.3	8	-1.0	15	16	-1.995	-0.267	H	-0.032	0.326	2.213	0.908	1.313
3h5z	A	307	 	V	T	0.014	-3	-2.5	20	-2.1	1	-0.4	2	-0.4	16	16	-2.142	-1.103	H	-1.337	-0.279	-0.544	1.242	-1.262	A	327	 	R	E	0.21	-3	-2.5	20	-2.1	1	-0.4	2	-0.4	20	21	-1.86	2.216	H	1.538	-0.055	1.502	0.44	2.897
3h5z	A	366	 	V	H	0.07	-4	-2.9	4	-1.9	2	-0.2	-2	-0.2	17	17	-1.045	-0.807	H	-1.337	-0.279	-0.544	1.242	-1.262	A	369	 	S	H	0.538	-4	-2.9	4	-1.9	2	-0.2	-2	-0.2	9	12	-1.023	-0.591	H	-0.228	1.399	-4.76	0.67	-2.647
3h5z	A	73	 	Y	H	0.149	-4	-2.9	4	-2.8	2	-0.2	-2	-0.2	14	16	-0.901	-0.811	H	0.26	0.83	3.097	-0.838	1.512	A	91	 	N	-	0.127	-4	-2.9	4	-2.8	2	-0.2	-2	-0.2	12	21	-2.218	1.074	H	0.945	0.828	1.299	-0.169	0.933
3h5z	A	69	 	I	H	0.03	-4	-2.3	4	-2.9	-7	-0.4	-2	-0.2	15	16	-0.925	-0.747	H	-1.239	-0.547	2.131	0.393	0.816	A	73	 	Y	H	0.149	-4	-2.3	4	-2.9	-7	-0.4	-2	-0.2	14	16	-0.901	-0.811	H	0.26	0.83	3.097	-0.838	1.512
3h5z	A	83	 	D	-	0.325	5	-1.5	3	-1.9	-2	-0.3	0	0.0	11	9	-1.288	2.935	H	1.05	0.302	-3.656	-0.259	-3.242	A	87	 	M	S	0.319	5	-1.5	3	-1.9	-2	-0.3	0	0.0	8	16	-1.669	-0.695	H	-0.663	-1.524	2.219	-1.005	1.212
3h5z	A	217	 	Y	E	0.288	180	-0.6	178	-3.0	161	-0.2	2	-0.3	11	17	-1.399	2.601	H	0.26	0.83	3.097	-0.838	1.512	A	395	 	G	E	0.179	180	-0.6	178	-3.0	161	-0.2	2	-0.3	17	4	-1.671	-2.976	H	-0.384	1.652	1.33	1.045	2.064
3h5z	A	280	 	M	H	0.117	-4	-2.9	4	-2.0	-5	-0.3	-1	-0.2	12	16	-1.147	-0.596	H	-0.663	-1.524	2.219	-1.005	1.212	A	284	 	D	T	0.552	-4	-2.9	4	-2.0	-5	-0.3	-1	-0.2	9	19	-0.856	-0.474	H	1.05	0.302	-3.656	-0.259	-3.242
3h5z	A	61	 	P	-	0.015	0	0.0	2	-0.9	0	0.0	50	-0.1	23	8	-1.215	2.657	H	0.189	2.081	-1.628	0.421	-1.392	A	111	 	H	E	0.005	0	0.0	2	-0.9	0	0.0	50	-0.1	16	27	-1.682	1.893	H	0.336	-0.417	-1.673	-1.474	-0.078
3h5z	A	41	 	T	-	0.514	-2	-0.3	3	-1.0	1	-0.1	4	-0.7	2	15	-2.023	2.745	H	-0.032	0.326	2.213	0.908	1.313	A	44	 	D	G	0.601	-2	-0.3	3	-1.0	1	-0.1	4	-0.7	7	7	-1.241	-0.364	H	1.05	0.302	-3.656	-0.259	-3.242
3h5z	A	189	 	T	H	0.197	-4	-2.4	4	-2.9	1	-0.2	-1	-0.2	14	25	-1.044	-0.781	H	-0.032	0.326	2.213	0.908	1.313	A	192	 	V	H	0.07	-4	-2.4	4	-2.9	1	-0.2	-1	-0.2	23	14	-1.065	-0.863	H	-1.337	-0.279	-0.544	1.242	-1.262
3h5z	A	348	 	Y	E	0.032	-25	-0.1	-24	-1.5	71	-0.1	-1	-0.3	21	22	-1.37	2.773	H	0.26	0.83	3.097	-0.838	1.512	A	419	 	V	-	0.092	-25	-0.1	-24	-1.5	71	-0.1	-1	-0.3	15	19	-1.6	2.225	H	-1.337	-0.279	-0.544	1.242	-1.262
3h5z	A	205	 	G	S	0.56	-2	-0.3	193	-0.4	194	-0.2	2	-0.2	7	16	-1.42	-0.342	H	-0.384	1.652	1.33	1.045	2.064	A	400	 	R	E	0.19	-2	-0.3	193	-0.4	194	-0.2	2	-0.2	12	20	-1.855	2.357	H	1.538	-0.055	1.502	0.44	2.897
3h5z	A	60	 	T	-	0.415	-2	-0.3	52	-0.1	52	-0.2	49	-0.1	9	21	-1.826	1.914	H	-0.032	0.326	2.213	0.908	1.313	A	108	 	P	G	0.5	-2	-0.3	52	-0.1	52	-0.2	49	-0.1	7	21	-1.038	-0.655	H	0.189	2.081	-1.628	0.421	-1.392
3h5z	A	249	 	L	H	0.037	-4	-2.1	4	-1.5	-5	-0.2	-2	-0.2	20	8	-1.139	-0.808	H	-1.019	-0.987	-1.505	1.266	-0.912	A	253	 	Y	H	0.221	-4	-2.1	4	-1.5	-5	-0.2	-2	-0.2	18	10	-1.73	0.05	H	0.26	0.83	3.097	-0.838	1.512
3h5z	A	103	 	P	-	0.022	0	0.0	3	-1.8	0	0.0	193	-0.1	13	15	-1.266	2.986	H	0.189	2.081	-1.628	0.421	-1.392	A	106	 	Y	-	0.189	0	0.0	3	-1.8	0	0.0	193	-0.1	20	9	-1.085	2.769	H	0.26	0.83	3.097	-0.838	1.512
3h5z	A	143	 	V	H	0.577	-4	-1.5	4	-1.9	-5	-0.2	-2	-0.2	2	16	-1.28	-0.723	H	-1.337	-0.279	-0.544	1.242	-1.262	A	147	 	E	H	0.742	-4	-1.5	4	-1.9	-5	-0.2	-2	-0.2	5	7	-1.167	-0.531	H	1.357	-1.453	1.477	0.113	-0.837
3h5z	A	314	 	E	E	0.325	-51	-2.0	2	-0.4	-2	-0.7	5	-0.2	12	14	-2.084	1.988	H	1.357	-1.453	1.477	0.113	-0.837	A	318	 	K	E	0.566	-51	-2.0	2	-0.4	-2	-0.7	5	-0.2	5	15	-2.229	2.326	H	1.831	-0.561	0.533	-0.277	1.648
3h5z	A	207	 	L	-	0.677	-2	-0.2	-2	-0.1	192	-0.0	-1	-0.1	5	17	-1.659	1.98	H	-1.019	-0.987	-1.505	1.266	-0.912	A	402	 	Y	E	0.0	-2	-0.2	-2	-0.1	192	-0.0	-1	-0.1	18	22	-2.279	2.572	H	0.26	0.83	3.097	-0.838	1.512
3h5z	A	355	 	P	-	0.5	0	0.0	4	-1.5	0	0.0	3	-0.9	6	14	-1.065	2.595	H	0.189	2.081	-1.628	0.421	-1.392	A	359	 	L	H	0.0	0	0.0	4	-1.5	0	0.0	3	-0.9	20	16	-1.093	-0.863	H	-1.019	-0.987	-1.505	1.266	-0.912
3h5z	A	181	 	A	H	0.302	1	-0.3	4	-2.7	2	-0.2	5	-0.3	9	19	-1.072	-0.813	H	-0.591	-1.302	-0.733	1.57	-0.146	A	184	 	L	H	0.006	1	-0.3	4	-2.7	2	-0.2	5	-0.3	21	18	-1.053	-0.771	H	-1.019	-0.987	-1.505	1.266	-0.912
3h5z	A	75	 	L	H	0.055	-4	-1.8	4	-1.7	1	-0.2	5	-0.2	19	16	-1.031	-0.815	H	-1.019	-0.987	-1.505	1.266	-0.912	A	78	 	D	H	0.405	-4	-1.8	4	-1.7	1	-0.2	5	-0.2	10	18	-1.732	-0.191	H	1.05	0.302	-3.656	-0.259	-3.242
3h5z	A	362	 	D	H	0.0	-4	-0.9	4	-2.9	-3	-0.6	-1	-0.2	21	16	-1.3	-0.464	H	1.05	0.302	-3.656	-0.259	-3.242	A	366	 	V	H	0.07	-4	-0.9	4	-2.9	-3	-0.6	-1	-0.2	17	17	-1.045	-0.807	H	-1.337	-0.279	-0.544	1.242	-1.262
3h5z	A	265	 	R	E	0.218	47	-2.2	47	-2.9	-2	-0.3	0	0.0	8	20	-2.694	2.964	H	1.538	-0.055	1.502	0.44	2.897	A	314	 	E	E	0.325	47	-2.2	47	-2.9	-2	-0.3	0	0.0	12	14	-2.084	1.988	H	1.357	-1.453	1.477	0.113	-0.837
3h5z	A	62	 	N	-	0.51	1	-0.1	3	-2.1	3	-0.1	7	-0.4	4	22	-1.632	1.818	H	0.945	0.828	1.299	-0.169	0.933	A	68	 	D	H	0.27	1	-0.1	3	-2.1	3	-0.1	7	-0.4	10	12	-1.237	-0.809	H	1.05	0.302	-3.656	-0.259	-3.242
3h5z	A	140	 	Y	H	0.464	1	-0.2	4	-1.3	2	-0.2	-1	-0.3	5	16	-1.067	-0.55	H	0.26	0.83	3.097	-0.838	1.512	A	410	 	K	-	0.263	1	-0.2	4	-1.3	2	-0.2	-1	-0.3	9	27	-0.927	2.258	H	1.831	-0.561	0.533	-0.277	1.648
3h5z	A	150	 	E	-	0.294	-5	-2.8	4	-1.9	-6	-0.2	-4	-0.2	12	6	-2.038	0.515	H	1.357	-1.453	1.477	0.113	-0.837	A	153	 	E	H	0.557	-5	-2.8	4	-1.9	-6	-0.2	-4	-0.2	9	12	-1.12	-0.655	H	1.357	-1.453	1.477	0.113	-0.837
3h5z	A	199	 	Q	-	0.045	-37	-0.2	-35	-1.7	-7	-0.1	2	-0.3	17	22	-2.088	2.773	H	0.931	-0.179	-3.005	-0.503	-1.853	A	404	 	Y	E	0.126	-37	-0.2	-35	-1.7	-7	-0.1	2	-0.3	19	20	-1.816	2.177	H	0.26	0.83	3.097	-0.838	1.512
3h5z	A	222	 	L	S	0.037	151	-2.3	152	-0.2	-2	-0.2	151	-0.2	20	20	-1.98	-0.6	H	-1.019	-0.987	-1.505	1.266	-0.912	A	368	 	H	H	0.397	151	-2.3	152	-0.2	-2	-0.2	151	-0.2	17	12	-1.06	-0.808	H	0.336	-0.417	-1.673	-1.474	-0.078
3h5z	A	269	 	P	G	0.691	0	0.0	3	-1.7	0	0.0	33	-0.0	1	19	-0.883	-0.662	H	0.189	2.081	-1.628	0.421	-1.392	A	272	 	V	H	0.092	0	0.0	3	-1.7	0	0.0	33	-0.0	14	16	-0.972	-0.84	H	-1.337	-0.279	-0.544	1.242	-1.262
3h5z	A	132	 	T	E	0.134	159	-0.5	159	-2.3	-2	-0.3	2	-0.4	8	19	-1.719	2.136	H	-0.032	0.326	2.213	0.908	1.313	A	162	 	H	E	0.772	159	-0.5	159	-2.3	-2	-0.3	2	-0.4	6	20	-1.567	1.872	H	0.336	-0.417	-1.673	-1.474	-0.078
3h5z	A	218	 	F	E	0.056	159	-2.9	159	-1.9	176	-0.3	2	-0.3	16	15	-2.276	2.581	H	-1.006	-0.59	1.891	-0.397	0.412	A	376	 	N	E	0.057	159	-2.9	159	-1.9	176	-0.3	2	-0.3	13	22	-1.994	2.78	H	0.945	0.828	1.299	-0.169	0.933
3h5z	A	222	 	L	S	0.037	151	-2.3	152	-0.2	-2	-0.2	151	-0.2	20	20	-1.98	-0.6	H	-1.019	-0.987	-1.505	1.266	-0.912	A	372	 	F	-	0.041	151	-2.3	152	-0.2	-2	-0.2	151	-0.2	22	11	-1.275	2.599	H	-1.006	-0.59	1.891	-0.397	0.412
3h5z	A	222	 	L	S	0.037	151	-2.3	152	-0.2	-2	-0.2	151	-0.2	20	20	-1.98	-0.6	H	-1.019	-0.987	-1.505	1.266	-0.912	A	373	 	D	S	0.043	151	-2.3	152	-0.2	-2	-0.2	151	-0.2	17	21	-1.724	-0.384	H	1.05	0.302	-3.656	-0.259	-3.242
3h5z	A	108	 	P	G	0.5	0	0.0	3	-2.1	0	0.0	-1	-0.2	7	21	-1.038	-0.655	H	0.189	2.081	-1.628	0.421	-1.392	A	111	 	H	E	0.005	0	0.0	3	-2.1	0	0.0	-1	-0.2	16	27	-1.682	1.893	H	0.336	-0.417	-1.673	-1.474	-0.078
3h5z	A	141	 	M	H	0.053	-3	-0.9	4	-2.4	2	-0.2	-1	-0.2	17	11	-1.393	-0.531	H	-0.663	-1.524	2.219	-1.005	1.212	A	144	 	K	H	0.502	-3	-0.9	4	-2.4	2	-0.2	-1	-0.2	9	11	-1.078	-0.679	H	1.831	-0.561	0.533	-0.277	1.648
3h5z	A	82	 	E	B	0.232	7	-0.2	7	-0.2	-3	-0.1	-1	-0.0	16	6	-2.406	2.748	H	1.357	-1.453	1.477	0.113	-0.837	A	173	 	K	G	0.439	7	-0.2	7	-0.2	-3	-0.1	-1	-0.0	8	12	-0.934	-0.549	H	1.831	-0.561	0.533	-0.277	1.648
3h5z	A	60	 	T	-	0.415	-2	-0.3	52	-0.1	52	-0.2	49	-0.1	9	21	-1.826	1.914	H	-0.032	0.326	2.213	0.908	1.313	A	191	 	R	H	0.032	-2	-0.3	52	-0.1	52	-0.2	49	-0.1	19	14	-1.068	-0.73	H	1.538	-0.055	1.502	0.44	2.897
3h5z	A	96	 	F	H	0.0	2	-0.2	4	-3.1	1	-0.2	5	-0.2	12	18	-1.093	-0.786	H	-1.006	-0.59	1.891	-0.397	0.412	A	100	 	A	H	0.066	2	-0.2	4	-3.1	1	-0.2	5	-0.2	22	17	-1.178	-0.595	H	-0.591	-1.302	-0.733	1.57	-0.146
3h5z	A	164	 	C	E	0.007	35	-1.7	37	-2.0	-34	-0.2	2	-0.5	20	15	-1.996	2.402	H	-1.343	0.465	-0.862	-1.02	-0.255	A	200	 	A	E	0.094	35	-1.7	37	-2.0	-34	-0.2	2	-0.5	17	19	-2.47	2.812	H	-0.591	-1.302	-0.733	1.57	-0.146
3h5z	A	321	 	D	E	0.0	-8	-1.0	-8	-2.6	30	-0.2	2	-0.3	18	22	-2.715	2.778	H	1.05	0.302	-3.656	-0.259	-3.242	A	351	 	A	E	0.377	-8	-1.0	-8	-2.6	30	-0.2	2	-0.3	8	23	-2.058	2.087	H	-0.591	-1.302	-0.733	1.57	-0.146
3h5z	A	55	 	T	T	0.599	62	-0.1	62	-2.6	61	-0.1	63	-0.6	3	13	-1.525	-0.065	H	-0.032	0.326	2.213	0.908	1.313	A	117	 	K	T	0.595	62	-0.1	62	-2.6	61	-0.1	63	-0.6	7	11	-1.13	-0.752	H	1.831	-0.561	0.533	-0.277	1.648
3h5z	A	300	 	Y	H	0.095	-4	-3.1	-1	-0.2	1	-0.1	-2	-0.2	21	18	-1.363	-0.239	H	0.26	0.83	3.097	-0.838	1.512	A	347	 	H	E	0.016	-4	-3.1	-1	-0.2	1	-0.1	-2	-0.2	16	20	-1.928	-2.431	H	0.336	-0.417	-1.673	-1.474	-0.078
3h5z	A	198	 	W	-	0.189	-2	-0.4	2	-0.3	-3	-0.1	-1	-0.1	14	20	-2.188	-0.139	H	-0.595	0.009	0.672	-2.128	-0.184	A	405	 	N	S	0.064	-2	-0.4	2	-0.3	-3	-0.1	-1	-0.1	13	19	1.113	0.703	L	0.945	0.828	1.299	-0.169	0.933
3h5z	A	248	 	M	H	0.245	-4	-1.7	4	-2.5	2	-0.2	-1	-0.2	10	10	-1.257	-0.616	H	-0.663	-1.524	2.219	-1.005	1.212	A	251	 	R	H	0.637	-4	-1.7	4	-2.5	2	-0.2	-1	-0.2	6	12	-1.001	-0.859	H	1.538	-0.055	1.502	0.44	2.897
3h5z	A	344	 	A	E	0.0	30	-2.5	32	-2.7	-2	-0.4	2	-0.4	21	18	-1.872	2.263	H	-0.591	-1.302	-0.733	1.57	-0.146	A	375	 	C	E	0.0	30	-2.5	32	-2.7	-2	-0.4	2	-0.4	21	23	-2.017	2.185	H	-1.343	0.465	-0.862	-1.02	-0.255
3h5z	A	34	 	G	B	0.119	373	-1.4	373	-3.7	-2	-0.2	-2	-0.0	10	23	3.025	3.077	L	-0.384	1.652	1.33	1.045	2.064	A	406	 	W	-	0.018	373	-1.4	373	-3.7	-2	-0.2	-2	-0.0	19	15	-2.6	1.984	H	-0.595	0.009	0.672	-2.128	-0.184
3h5z	A	212	 	Y	S	0.027	189	-2.3	199	-2.8	1	-0.3	2	-0.3	21	23	-1.559	-0.293	H	0.26	0.83	3.097	-0.838	1.512	A	411	 	I	-	0.089	189	-2.3	199	-2.8	1	-0.3	2	-0.3	21	11	-2.114	2.782	H	-1.239	-0.547	2.131	0.393	0.816
3h5z	A	15	 	W	G	0.145	1	-0.3	3	-1.5	2	-0.2	5	-0.3	12	10	-1.147	-0.454	H	-0.595	0.009	0.672	-2.128	-0.184	A	18	 	Q	S	0.131	1	-0.3	3	-1.5	2	-0.2	5	-0.3	18	5	-1.875	2.737	H	0.931	-0.179	-3.005	-0.503	-1.853
3h5z	A	220	 	R	E	0.044	155	-2.2	155	-1.9	-2	-0.3	2	-0.2	26	16	-2.279	1.924	H	1.538	-0.055	1.502	0.44	2.897	A	374	 	V	E	0.0	155	-2.2	155	-1.9	-2	-0.3	2	-0.2	22	22	-2.709	2.688	H	-1.337	-0.279	-0.544	1.242	-1.262
3h5z	A	227	 	L	H	0.0	-4	-2.3	5	-1.8	1	-0.2	6	-1.8	20	13	-0.978	-0.708	H	-1.019	-0.987	-1.505	1.266	-0.912	A	232	 	F	S	0.289	-4	-2.3	5	-1.8	1	-0.2	6	-1.8	20	13	-1.198	-0.727	H	-1.006	-0.59	1.891	-0.397	0.412
3h5z	A	99	 	W	H	0.0	-4	-1.9	3	-0.3	1	-0.2	-2	-0.2	19	13	-1.068	-0.867	H	-0.595	0.009	0.672	-2.128	-0.184	A	299	 	H	H	0.114	-4	-1.9	3	-0.3	1	-0.2	-2	-0.2	14	14	-1.133	-0.975	H	0.336	-0.417	-1.673	-1.474	-0.078
3h5z	A	288	 	V	B	0.0	127	-2.2	129	-2.3	-153	-0.1	130	-0.2	20	21	-2.061	2.158	H	-1.337	-0.279	-0.544	1.242	-1.262	A	408	 	Y	-	0.018	127	-2.2	129	-2.3	-153	-0.1	130	-0.2	22	17	-2.622	2.3	H	0.26	0.83	3.097	-0.838	1.512
3h5z	A	152	 	E	H	0.907	2	-0.2	4	-0.7	1	-0.2	3	-0.4	1	15	-1.207	-0.774	H	1.357	-1.453	1.477	0.113	-0.837	A	156	 	K	T	0.722	2	-0.2	4	-0.7	1	-0.2	3	-0.4	9	10	-0.982	-0.676	H	1.831	-0.561	0.533	-0.277	1.648
3h5z	A	299	 	H	H	0.114	-4	-2.4	-2	-0.2	1	-0.2	-1	-0.2	14	14	-1.133	-0.975	H	0.336	-0.417	-1.673	-1.474	-0.078	A	304	 	R	B	0.383	-4	-2.4	-2	-0.2	1	-0.2	-1	-0.2	13	11	-2.29	2.194	H	1.538	-0.055	1.502	0.44	2.897
3h5z	A	320	 	T	E	0.162	-7	-2.2	32	-0.7	-2	-0.6	2	-0.3	15	16	-1.995	-0.267	H	-0.032	0.326	2.213	0.908	1.313	A	353	 	S	S	0.515	-7	-2.2	32	-0.7	-2	-0.6	2	-0.3	12	10	-1.92	-0.286	H	-0.228	1.399	-4.76	0.67	-2.647
3h5z	A	89	 	R	E	0.157	242	-1.5	242	-2.7	-2	-0.3	-7	-0.2	11	17	-2.362	2.435	H	1.538	-0.055	1.502	0.44	2.897	A	331	 	T	E	0.183	242	-1.5	242	-2.7	-2	-0.3	-7	-0.2	16	15	-1.161	2.315	H	-0.032	0.326	2.213	0.908	1.313
3h5z	A	82	 	E	B	0.232	7	-0.2	7	-0.2	-3	-0.1	-1	-0.0	16	6	-2.406	2.748	H	1.357	-1.453	1.477	0.113	-0.837	A	88	 	F	E	0.147	7	-0.2	7	-0.2	-3	-0.1	-1	-0.0	14	18	-2.342	2.521	H	-1.006	-0.59	1.891	-0.397	0.412
3h5z	A	112	 	V	E	0.0	14	-2.5	14	-2.0	-2	-0.8	2	-0.3	24	20	-2.046	2.167	H	-1.337	-0.279	-0.544	1.242	-1.262	A	126	 	I	E	0.018	14	-2.5	14	-2.0	-2	-0.8	2	-0.3	17	23	-2.699	2.51	H	-1.239	-0.547	2.131	0.393	0.816
3h5z	A	282	 	Y	H	0.194	-4	-1.9	3	-1.6	-5	-0.2	-2	-0.2	15	11	-1.118	-0.864	H	0.26	0.83	3.097	-0.838	1.512	A	382	 	D	T	0.417	-4	-1.9	3	-1.6	-5	-0.2	-2	-0.2	12	18	-1.816	0.609	H	1.05	0.302	-3.656	-0.259	-3.242
3h5z	A	73	 	Y	H	0.149	-4	-2.9	4	-2.8	2	-0.2	-2	-0.2	14	16	-0.901	-0.811	H	0.26	0.83	3.097	-0.838	1.512	A	92	 	Y	-	0.059	-4	-2.9	4	-2.8	2	-0.2	-2	-0.2	20	18	-0.861	2.316	H	0.26	0.83	3.097	-0.838	1.512
3h5z	A	293	 	S	-	0.331	-2	-0.4	4	-2.7	1	-0.1	5	-0.2	8	15	-1.354	2.975	H	-0.228	1.399	-4.76	0.67	-2.647	A	296	 	E	H	0.129	-2	-0.4	4	-2.7	1	-0.1	5	-0.2	10	16	-1.321	-0.608	H	1.357	-1.453	1.477	0.113	-0.837
3h5z	A	274	 	Q	H	0.172	-4	-0.3	4	-2.6	-3	-0.2	5	-0.3	15	13	-1.315	-0.637	H	0.931	-0.179	-3.005	-0.503	-1.853	A	319	 	V	E	0.056	-4	-0.3	4	-2.6	-3	-0.2	5	-0.3	19	14	-1.467	2.089	H	-1.337	-0.279	-0.544	1.242	-1.262
3h5z	A	295	 	A	H	0.528	1	-0.2	4	-2.4	2	-0.2	-1	-0.2	3	15	-1.044	-0.692	H	-0.591	-1.302	-0.733	1.57	-0.146	A	299	 	H	H	0.114	1	-0.2	4	-2.4	2	-0.2	-1	-0.2	14	14	-1.133	-0.975	H	0.336	-0.417	-1.673	-1.474	-0.078
3h5z	A	23	 	T	S	0.493	1	-0.1	4	-2.1	187	-0.1	5	-0.1	4	16	-2.443	2.844	H	-0.032	0.326	2.213	0.908	1.313	A	26	 	E	H	0.294	1	-0.1	4	-2.1	187	-0.1	5	-0.1	9	10	-1.069	-0.947	H	1.357	-1.453	1.477	0.113	-0.837
3h5z	A	293	 	S	-	0.331	-2	-0.4	4	-2.7	1	-0.1	5	-0.2	8	15	-1.354	2.975	H	-0.228	1.399	-4.76	0.67	-2.647	A	297	 	I	H	0.0	-2	-0.4	4	-2.7	1	-0.1	5	-0.2	19	14	-1.075	-0.731	H	-1.239	-0.547	2.131	0.393	0.816
3h5z	A	58	 	W	E	0.185	-2	-0.3	2	-0.3	56	-0.2	56	-0.2	14	18	-1.273	2.524	H	-0.595	0.009	0.672	-2.128	-0.184	A	114	 	V	E	0.0	-2	-0.3	2	-0.3	56	-0.2	56	-0.2	25	17	-2.006	2.368	H	-1.337	-0.279	-0.544	1.242	-1.262
3h5z	A	20	 	V	S	0.021	-2	-2.3	190	-0.1	-5	-0.3	384	-0.1	19	12	-2.342	2.728	H	-1.337	-0.279	-0.544	1.242	-1.262	A	209	 	P	S	0.044	-2	-2.3	190	-0.1	-5	-0.3	384	-0.1	16	17	-1.362	2.074	H	0.189	2.081	-1.628	0.421	-1.392
3h5z	A	169	 	L	E	0.402	-43	-0.1	2	-0.3	-42	-0.1	-43	-0.2	12	21	-1.076	2.253	H	-1.019	-0.987	-1.505	1.266	-0.912	A	184	 	L	H	0.006	-43	-0.1	2	-0.3	-42	-0.1	-43	-0.2	21	18	-1.053	-0.771	H	-1.019	-0.987	-1.505	1.266	-0.912
3h5z	A	363	 	L	H	0.0	-4	-1.0	4	-2.8	2	-0.2	5	-0.2	24	23	-1.036	-0.86	H	-1.019	-0.987	-1.505	1.266	-0.912	A	366	 	V	H	0.07	-4	-1.0	4	-2.8	2	-0.2	5	-0.2	17	17	-1.045	-0.807	H	-1.337	-0.279	-0.544	1.242	-1.262
3h5z	A	107	 	I	-	0.272	21	-0.2	3	-1.7	1	-0.2	4	-0.2	17	13	-1.933	1.956	H	-1.239	-0.547	2.131	0.393	0.816	A	110	 	W	G	0.026	21	-0.2	3	-1.7	1	-0.2	4	-0.2	20	19	-1.394	-0.076	H	-0.595	0.009	0.672	-2.128	-0.184
3h5z	A	26	 	E	H	0.294	2	-0.2	3	-2.1	1	-0.2	4	-0.6	9	10	-1.069	-0.947	H	1.357	-1.453	1.477	0.113	-0.837	A	29	 	K	H	0.576	2	-0.2	3	-2.1	1	-0.2	4	-0.6	6	12	-1.6	-0.181	H	1.831	-0.561	0.533	-0.277	1.648
3h5z	A	80	 	Y	S	0.131	-4	-2.4	90	-0.1	10	-0.3	-4	-0.0	16	15	-1.499	-2.778	H	0.26	0.83	3.097	-0.838	1.512	A	168	 	F	E	0.005	-4	-2.4	90	-0.1	10	-0.3	-4	-0.0	21	17	1.166	0.414	L	-1.006	-0.59	1.891	-0.397	0.412
3h5z	A	211	 	P	-	0.029	0	0.0	191	-0.2	0	0.0	-1	-0.1	16	22	-1.208	2.584	H	0.189	2.081	-1.628	0.421	-1.392	A	401	 	Y	E	0.023	0	0.0	191	-0.2	0	0.0	-1	-0.1	20	19	-1.694	2.321	H	0.26	0.83	3.097	-0.838	1.512
3h5z	A	311	 	Y	E	0.099	12	-2.7	12	-2.5	-2	-0.4	2	-0.3	15	24	-2.249	2.446	H	0.26	0.83	3.097	-0.838	1.512	A	323	 	F	E	0.0	12	-2.7	12	-2.5	-2	-0.4	2	-0.3	16	26	-2.426	2.835	H	-1.006	-0.59	1.891	-0.397	0.412
3h5z	A	239	 	Y	G	0.158	-3	-1.9	3	-1.6	1	-0.3	-1	-0.3	12	6	-1.132	-0.299	H	0.26	0.83	3.097	-0.838	1.512	A	245	 	P	H	0.169	-3	-1.9	3	-1.6	1	-0.3	-1	-0.3	9	12	-0.96	-0.785	H	0.189	2.081	-1.628	0.421	-1.392
3h5z	A	82	 	E	B	0.232	7	-0.2	7	-0.2	-3	-0.1	-1	-0.0	16	6	-2.406	2.748	H	1.357	-1.453	1.477	0.113	-0.837	A	89	 	R	E	0.157	7	-0.2	7	-0.2	-3	-0.1	-1	-0.0	11	17	-2.362	2.435	H	1.538	-0.055	1.502	0.44	2.897
3h5z	A	382	 	D	T	0.417	1	-0.1	3	-1.6	2	-0.1	4	-0.3	12	18	-1.816	0.609	H	1.05	0.302	-3.656	-0.259	-3.242	A	385	 	S	G	0.592	1	-0.1	3	-1.6	2	-0.1	4	-0.3	10	10	-1.255	-0.33	H	-0.228	1.399	-4.76	0.67	-2.647
3h5z	A	63	 	M	T	0.005	-2	-0.9	38	-0.2	1	-0.3	-1	-0.1	24	10	-1.469	0.226	H	-0.663	-1.524	2.219	-1.005	1.212	A	69	 	I	H	0.03	-2	-0.9	38	-0.2	1	-0.3	-1	-0.1	15	16	-0.925	-0.747	H	-1.239	-0.547	2.131	0.393	0.816
3h5z	A	34	 	G	B	0.119	373	-1.4	373	-3.7	-2	-0.2	-2	-0.0	10	23	3.025	3.077	L	-0.384	1.652	1.33	1.045	2.064	A	407	 	A	B	0.16	373	-1.4	373	-3.7	-2	-0.2	-2	-0.0	14	22	-1.301	2.337	H	-0.591	-1.302	-0.733	1.57	-0.146
3h5z	A	173	 	K	G	0.439	1	-0.3	3	-1.0	2	-0.2	-1	-0.1	8	12	-0.934	-0.549	H	1.831	-0.561	0.533	-0.277	1.648	A	176	 	R	T	0.46	1	-0.3	3	-1.0	2	-0.2	-1	-0.1	5	11	-1.034	2.567	H	1.538	-0.055	1.502	0.44	2.897
3h5z	A	272	 	V	H	0.092	-3	-1.7	4	-2.8	-4	-0.4	5	-0.2	14	16	-0.972	-0.84	H	-1.337	-0.279	-0.544	1.242	-1.262	A	276	 	R	H	0.391	-3	-1.7	4	-2.8	-4	-0.4	5	-0.2	15	20	-0.994	-0.782	H	1.538	-0.055	1.502	0.44	2.897
3h5z	A	15	 	W	G	0.145	1	-0.3	3	-1.5	2	-0.2	5	-0.3	12	10	-1.147	-0.454	H	-0.595	0.009	0.672	-2.128	-0.184	A	22	 	Q	-	0.354	1	-0.3	3	-1.5	2	-0.2	5	-0.3	10	20	-1.633	-0.373	H	0.931	-0.179	-3.005	-0.503	-1.853
3h5z	A	152	 	E	H	0.907	2	-0.2	4	-0.7	1	-0.2	3	-0.4	1	15	-1.207	-0.774	H	1.357	-1.453	1.477	0.113	-0.837	A	155	 	A	H	0.358	2	-0.2	4	-0.7	1	-0.2	3	-0.4	5	20	-1.797	0.027	H	-0.591	-1.302	-0.733	1.57	-0.146
3h5z	A	224	 	P	H	0.081	0	0.0	4	-2.1	0	0.0	5	-0.2	16	18	-1.197	-0.514	H	0.189	2.081	-1.628	0.421	-1.392	A	227	 	L	H	0.0	0	0.0	4	-2.1	0	0.0	5	-0.2	20	13	-0.978	-0.708	H	-1.019	-0.987	-1.505	1.266	-0.912
3h5z	A	279	 	L	H	0.0	-4	-2.6	4	-2.9	-5	-0.3	5	-0.3	22	16	-1.204	-0.853	H	-1.019	-0.987	-1.505	1.266	-0.912	A	282	 	Y	H	0.194	-4	-2.6	4	-2.9	-5	-0.3	5	-0.3	15	11	-1.118	-0.864	H	0.26	0.83	3.097	-0.838	1.512
3h5z	A	378	 	V	E	0.099	-2	-0.3	2	-1.8	-161	-0.2	-161	-0.2	21	20	-1.952	2.831	H	-1.337	-0.279	-0.544	1.242	-1.262	A	383	 	N	G	0.025	-2	-0.3	2	-1.8	-161	-0.2	-161	-0.2	25	13	-1.2	-0.451	H	0.945	0.828	1.299	-0.169	0.933
3h5z	A	205	 	G	S	0.56	-2	-0.3	193	-0.4	194	-0.2	2	-0.2	7	16	-1.42	-0.342	H	-0.384	1.652	1.33	1.045	2.064	A	398	 	H	E	0.38	-2	-0.3	193	-0.4	194	-0.2	2	-0.2	9	15	-2.807	2.545	H	0.336	-0.417	-1.673	-1.474	-0.078
3h5z	A	201	 	V	E	0.0	-37	-2.0	-35	-2.1	-2	-0.3	2	-0.3	21	21	-2.21	2.554	H	-1.337	-0.279	-0.544	1.242	-1.262	A	402	 	Y	E	0.0	-37	-2.0	-35	-2.1	-2	-0.3	2	-0.3	18	22	-2.279	2.572	H	0.26	0.83	3.097	-0.838	1.512
3h5z	A	64	 	E	T	0.526	37	-0.1	2	-0.5	5	-0.0	-1	-0.3	5	20	-1.789	-0.179	H	1.357	-1.453	1.477	0.113	-0.837	A	106	 	Y	-	0.189	37	-0.1	2	-0.5	5	-0.0	-1	-0.3	20	9	-1.085	2.769	H	0.26	0.83	3.097	-0.838	1.512
3h5z	A	80	 	Y	S	0.131	-4	-2.4	90	-0.1	10	-0.3	-4	-0.0	16	15	-1.499	-2.778	H	0.26	0.83	3.097	-0.838	1.512	A	169	 	L	E	0.402	-4	-2.4	90	-0.1	10	-0.3	-4	-0.0	12	21	-1.076	2.253	H	-1.019	-0.987	-1.505	1.266	-0.912
3h5z	A	200	 	A	E	0.094	204	-1.1	204	-2.5	-2	-0.3	2	-0.4	17	19	-2.47	2.812	H	-0.591	-1.302	-0.733	1.57	-0.146	A	403	 	F	E	0.041	204	-1.1	204	-2.5	-2	-0.3	2	-0.4	20	19	-1.917	2.663	H	-1.006	-0.59	1.891	-0.397	0.412
3h5z	A	50	 	Y	-	0.41	133	-0.1	137	-0.1	1	-0.1	133	-0.0	14	8	-1.061	2.548	H	0.26	0.83	3.097	-0.838	1.512	A	58	 	W	E	0.185	133	-0.1	137	-0.1	1	-0.1	133	-0.0	14	18	-1.273	2.524	H	-0.595	0.009	0.672	-2.128	-0.184
3h5z	A	315	 	N	E	0.376	3	-1.3	3	-1.3	-2	-0.4	-2	-0.0	6	10	-2.146	2.398	H	0.945	0.828	1.299	-0.169	0.933	A	318	 	K	E	0.566	3	-1.3	3	-1.3	-2	-0.4	-2	-0.0	5	15	-2.229	2.326	H	1.831	-0.561	0.533	-0.277	1.648
3h5z	A	116	 	R	E	0.423	5	-2.4	4	-2.2	-2	-0.3	5	-0.4	8	13	-1.337	2.259	H	1.538	-0.055	1.502	0.44	2.897	A	120	 	K	-	0.61	5	-2.4	4	-2.2	-2	-0.3	5	-0.4	2	15	1.373	0.334	L	1.831	-0.561	0.533	-0.277	1.648
3h5z	A	180	 	L	H	0.067	-5	-0.4	4	-2.0	2	-0.2	3	-0.4	19	10	-1.364	-0.506	H	-1.019	-0.987	-1.505	1.266	-0.912	A	183	 	I	H	0.231	-5	-0.4	4	-2.0	2	-0.2	3	-0.4	15	14	-1.136	-0.735	H	-1.239	-0.547	2.131	0.393	0.816
3h5z	A	276	 	R	H	0.391	-4	-2.8	4	-2.9	-5	-0.3	5	-0.3	15	20	-0.994	-0.782	H	1.538	-0.055	1.502	0.44	2.897	A	279	 	L	H	0.0	-4	-2.8	4	-2.9	-5	-0.3	5	-0.3	22	16	-1.204	-0.853	H	-1.019	-0.987	-1.505	1.266	-0.912
3h5z	A	138	 	P	-	0.007	0	0.0	4	-2.2	0	0.0	3	-0.9	17	18	-1.225	2.8	H	0.189	2.081	-1.628	0.421	-1.392	A	287	 	D	S	0.092	0	0.0	4	-2.2	0	0.0	3	-0.9	20	16	-1.157	-0.709	H	1.05	0.302	-3.656	-0.259	-3.242
3h5z	A	145	 	A	H	0.019	-4	-2.4	5	-2.8	1	-0.2	4	-0.7	17	6	-1.124	-0.759	H	-0.591	-1.302	-0.733	1.57	-0.146	A	149	 	G	T	0.845	-4	-2.4	5	-2.8	1	-0.2	4	-0.7	0	12	1.338	0.434	L	-0.384	1.652	1.33	1.045	2.064
3h5z	A	413	 	P	G	0.176	0	0.0	3	-1.9	0	0.0	-32	-0.5	15	16	-1.133	-0.428	H	0.189	2.081	-1.628	0.421	-1.392	A	416	 	V	B	0.0	0	0.0	3	-1.9	0	0.0	-32	-0.5	20	17	-1.863	2.224	H	-1.337	-0.279	-0.544	1.242	-1.262
3h5z	A	95	 	E	H	0.624	1	-0.2	4	-1.9	2	-0.2	-1	-0.2	8	19	-1.091	-0.671	H	1.357	-1.453	1.477	0.113	-0.837	A	99	 	W	H	0.0	1	-0.2	4	-1.9	2	-0.2	-1	-0.2	19	13	-1.068	-0.867	H	-0.595	0.009	0.672	-2.128	-0.184
3h5z	A	89	 	R	E	0.157	242	-1.5	242	-2.7	-2	-0.3	-7	-0.2	11	17	-2.362	2.435	H	1.538	-0.055	1.502	0.44	2.897	A	330	 	S	E	0.085	242	-1.5	242	-2.7	-2	-0.3	-7	-0.2	18	15	-2.125	2.526	H	-0.228	1.399	-4.76	0.67	-2.647
3h5z	A	139	 	K	H	0.473	1	-0.3	4	-1.5	2	-0.2	5	-0.2	7	21	-0.835	-0.961	H	1.831	-0.561	0.533	-0.277	1.648	A	142	 	K	H	0.317	1	-0.3	4	-1.5	2	-0.2	5	-0.2	10	17	-1.137	-0.47	H	1.831	-0.561	0.533	-0.277	1.648
3h5z	A	70	 	H	H	0.38	-4	-2.1	4	-2.3	-5	-0.3	-2	-0.2	3	21	-1.087	-0.742	H	0.336	-0.417	-1.673	-1.474	-0.078	A	74	 	E	H	0.392	-4	-2.1	4	-2.3	-5	-0.3	-2	-0.2	7	19	-1.25	-0.627	H	1.357	-1.453	1.477	0.113	-0.837
3h5z	A	193	 	N	H	0.115	-4	-2.9	3	-2.0	-5	-0.2	-2	-0.2	16	14	-1.103	-0.523	H	0.945	0.828	1.299	-0.169	0.933	A	196	 	N	T	0.669	-4	-2.9	3	-2.0	-5	-0.2	-2	-0.2	3	19	1.107	0.634	L	0.945	0.828	1.299	-0.169	0.933
3h5z	A	216	 	Q	E	0.354	-2	-0.3	163	-1.7	182	-0.2	2	-0.2	9	18	-1.221	2.674	H	0.931	-0.179	-3.005	-0.503	-1.853	A	379	 	E	S	0.124	-2	-0.3	163	-1.7	182	-0.2	2	-0.2	17	18	-1.399	0.752	H	1.357	-1.453	1.477	0.113	-0.837
3h5z	A	274	 	Q	H	0.172	-4	-0.3	4	-2.6	-3	-0.2	5	-0.3	15	13	-1.315	-0.637	H	0.931	-0.179	-3.005	-0.503	-1.853	A	277	 	R	H	0.52	-4	-0.3	4	-2.6	-3	-0.2	5	-0.3	8	18	-1.032	-0.954	H	1.538	-0.055	1.502	0.44	2.897
3h5z	A	208	 	L	-	0.244	-2	-0.6	2	-0.6	-4	-0.1	-4	-0.0	19	9	-2.068	3.001	H	-1.019	-0.987	-1.505	1.266	-0.912	A	402	 	Y	E	0.0	-2	-0.6	2	-0.6	-4	-0.1	-4	-0.0	18	22	-2.279	2.572	H	0.26	0.83	3.097	-0.838	1.512
3h5z	A	183	 	I	H	0.231	-4	-0.8	4	-2.4	-3	-0.4	5	-0.2	15	14	-1.136	-0.735	H	-1.239	-0.547	2.131	0.393	0.816	A	186	 	K	H	0.337	-4	-0.8	4	-2.4	-3	-0.4	5	-0.2	14	15	-1.067	-0.678	H	1.831	-0.561	0.533	-0.277	1.648
3h5z	A	42	 	V	G	0.324	-2	-0.3	3	-1.4	1	-0.3	-1	-0.1	6	12	-0.864	-0.724	H	-1.337	-0.279	-0.544	1.242	-1.262	A	45	 	I	S	0.083	-2	-0.3	3	-1.4	1	-0.3	-1	-0.1	18	5	-1.566	2.304	H	-1.239	-0.547	2.131	0.393	0.816
3h5z	A	96	 	F	H	0.0	2	-0.2	4	-3.1	1	-0.2	5	-0.2	12	18	-1.093	-0.786	H	-1.006	-0.59	1.891	-0.397	0.412	A	327	 	R	E	0.21	2	-0.2	4	-3.1	1	-0.2	5	-0.2	20	21	-1.86	2.216	H	1.538	-0.055	1.502	0.44	2.897
3h5z	A	27	 	T	H	0.021	-4	-2.1	3	-0.8	1	-0.3	383	-0.6	17	9	-0.934	-0.61	H	-0.032	0.326	2.213	0.908	1.313	A	210	 	T	-	0.092	-4	-2.1	3	-0.8	1	-0.3	383	-0.6	17	19	-2.548	2.304	H	-0.032	0.326	2.213	0.908	1.313
3h5z	A	25	 	D	H	0.706	2	-0.2	4	-0.5	1	-0.2	-1	-0.2	0	15	-1.094	-0.636	H	1.05	0.302	-3.656	-0.259	-3.242	A	28	 	E	H	0.655	2	-0.2	4	-0.5	1	-0.2	-1	-0.2	3	18	-1.087	-0.37	H	1.357	-1.453	1.477	0.113	-0.837
3h5z	A	191	 	R	H	0.032	-4	-2.5	4	-0.5	2	-0.2	-2	-0.2	19	14	-1.068	-0.73	H	1.538	-0.055	1.502	0.44	2.897	A	194	 	R	T	0.339	-4	-2.5	4	-0.5	2	-0.2	-2	-0.2	13	11	-1.251	-0.199	H	1.538	-0.055	1.502	0.44	2.897
3h5z	A	181	 	A	H	0.302	1	-0.3	4	-2.7	2	-0.2	5	-0.3	9	19	-1.072	-0.813	H	-0.591	-1.302	-0.733	1.57	-0.146	A	185	 	I	H	0.148	1	-0.3	4	-2.7	2	-0.2	5	-0.3	13	23	-1.188	-0.775	H	-1.239	-0.547	2.131	0.393	0.816
3h5z	A	72	 	I	H	0.0	-4	-1.9	4	-2.4	1	-0.2	5	-0.2	28	19	-1.184	-0.766	H	-1.239	-0.547	2.131	0.393	0.816	A	122	 	L	E	0.146	-4	-1.9	4	-2.4	1	-0.2	5	-0.2	19	17	-1.201	2.26	H	-1.019	-0.987	-1.505	1.266	-0.912
3h5z	A	67	 	D	H	0.853	2	-0.2	4	-1.9	1	-0.2	-1	-0.3	0	15	-1.226	-0.609	H	1.05	0.302	-3.656	-0.259	-3.242	A	70	 	H	H	0.38	2	-0.2	4	-1.9	1	-0.2	-1	-0.3	3	21	-1.087	-0.742	H	0.336	-0.417	-1.673	-1.474	-0.078
3h5z	A	69	 	I	H	0.03	-4	-2.3	4	-2.9	-7	-0.4	-2	-0.2	15	16	-0.925	-0.747	H	-1.239	-0.547	2.131	0.393	0.816	A	72	 	I	H	0.0	-4	-2.3	4	-2.9	-7	-0.4	-2	-0.2	28	19	-1.184	-0.766	H	-1.239	-0.547	2.131	0.393	0.816
3h5z	A	265	 	R	E	0.218	47	-2.2	47	-2.9	-2	-0.3	0	0.0	8	20	-2.694	2.964	H	1.538	-0.055	1.502	0.44	2.897	A	312	 	V	E	0.0	47	-2.2	47	-2.9	-2	-0.3	0	0.0	19	25	-1.931	2.683	H	-1.337	-0.279	-0.544	1.242	-1.262
3h5z	A	33	 	A	-	0.047	-2	-0.3	124	-0.2	121	-0.3	104	-0.2	20	18	-1.217	2.442	H	-0.591	-1.302	-0.733	1.57	-0.146	A	135	 	M	-	0.0	-2	-0.3	124	-0.2	121	-0.3	104	-0.2	19	25	-2.62	0.461	H	-0.663	-1.524	2.219	-1.005	1.212
3h5z	A	219	 	H	E	0.25	174	-2.4	174	-2.7	-2	-0.3	2	-0.5	13	21	-2.282	2.599	H	0.336	-0.417	-1.673	-1.474	-0.078	A	375	 	C	E	0.0	174	-2.4	174	-2.7	-2	-0.3	2	-0.5	21	23	-2.017	2.185	H	-1.343	0.465	-0.862	-1.02	-0.255
3h5z	A	311	 	Y	E	0.099	12	-2.7	12	-2.5	-2	-0.4	2	-0.3	15	24	-2.249	2.446	H	0.26	0.83	3.097	-0.838	1.512	A	322	 	F	E	0.0	12	-2.7	12	-2.5	-2	-0.4	2	-0.3	25	22	-2.774	2.773	H	-1.006	-0.59	1.891	-0.397	0.412
3h5z	A	110	 	W	G	0.026	-3	-1.7	18	-1.5	18	-0.1	2	-0.8	20	19	-1.394	-0.076	H	-0.595	0.009	0.672	-2.128	-0.184	A	195	 	T	T	0.373	-3	-1.7	18	-1.5	18	-0.1	2	-0.8	16	12	-1.773	0.247	H	-0.032	0.326	2.213	0.908	1.313
3h5z	A	290	 	P	E	0.0	0	0.0	2	-0.5	0	0.0	-157	-0.2	17	21	-1.44	2.691	H	0.189	2.081	-1.628	0.421	-1.392	A	417	 	A	-	0.0	0	0.0	2	-0.5	0	0.0	-157	-0.2	20	17	-2.105	0.258	H	-0.591	-1.302	-0.733	1.57	-0.146
3h5z	A	282	 	Y	H	0.194	-4	-1.9	3	-1.6	-5	-0.2	-2	-0.2	15	11	-1.118	-0.864	H	0.26	0.83	3.097	-0.838	1.512	A	349	 	Y	E	0.009	-4	-1.9	3	-1.6	-5	-0.2	-2	-0.2	18	23	-2.77	2.936	H	0.26	0.83	3.097	-0.838	1.512
3h5z	A	45	 	I	S	0.083	-3	-1.4	145	-0.0	-4	-0.7	-5	-0.0	18	5	-1.566	2.304	H	-1.239	-0.547	2.131	0.393	0.816	A	194	 	R	T	0.339	-3	-1.4	145	-0.0	-4	-0.7	-5	-0.0	13	11	-1.251	-0.199	H	1.538	-0.055	1.502	0.44	2.897
3h5z	A	202	 	Y	E	0.122	200	-2.3	200	-2.9	-2	-0.4	2	-0.3	18	19	-2.75	2.732	H	0.26	0.83	3.097	-0.838	1.512	A	402	 	Y	E	0.0	200	-2.3	200	-2.9	-2	-0.4	2	-0.3	18	22	-2.279	2.572	H	0.26	0.83	3.097	-0.838	1.512
3h5z	A	21	 	P	-	0.059	0	0.0	3	-0.0	0	0.0	-3	-0.0	20	13	-1.134	2.467	H	0.189	2.081	-1.628	0.421	-1.392	A	210	 	T	-	0.092	0	0.0	3	-0.0	0	0.0	-3	-0.0	17	19	-2.548	2.304	H	-0.032	0.326	2.213	0.908	1.313
3h5z	A	248	 	M	H	0.245	-4	-1.7	4	-2.5	2	-0.2	-1	-0.2	10	10	-1.257	-0.616	H	-0.663	-1.524	2.219	-1.005	1.212	A	252	 	N	H	0.395	-4	-1.7	4	-2.5	2	-0.2	-1	-0.2	14	8	-0.862	-0.667	H	0.945	0.828	1.299	-0.169	0.933
3h5z	A	203	 	T	E	0.261	-37	-0.5	2	-0.3	-2	-0.3	198	-0.2	14	19	-2.206	2.734	H	-0.032	0.326	2.213	0.908	1.313	A	400	 	R	E	0.19	-37	-0.5	2	-0.3	-2	-0.3	198	-0.2	12	20	-1.855	2.357	H	1.538	-0.055	1.502	0.44	2.897
3h5z	A	138	 	P	-	0.007	0	0.0	4	-2.2	0	0.0	3	-0.9	17	18	-1.225	2.8	H	0.189	2.081	-1.628	0.421	-1.392	A	141	 	M	H	0.053	0	0.0	4	-2.2	0	0.0	3	-0.9	17	11	-1.393	-0.531	H	-0.663	-1.524	2.219	-1.005	1.212
3h5z	A	83	 	D	-	0.325	5	-1.5	3	-1.9	-2	-0.3	0	0.0	11	9	-1.288	2.935	H	1.05	0.302	-3.656	-0.259	-3.242	A	88	 	F	E	0.147	5	-1.5	3	-1.9	-2	-0.3	0	0.0	14	18	-2.342	2.521	H	-1.006	-0.59	1.891	-0.397	0.412
3h5z	A	412	 	K	-	0.727	-2	-0.3	3	-2.0	-199	-0.1	-197	-0.1	8	18	-1.246	2.639	H	1.831	-0.561	0.533	-0.277	1.648	A	415	 	Q	G	0.263	-2	-0.3	3	-2.0	-199	-0.1	-197	-0.1	14	20	-1.791	0.163	H	0.931	-0.179	-3.005	-0.503	-1.853
3h5z	A	279	 	L	H	0.0	-4	-2.6	4	-2.9	-5	-0.3	5	-0.3	22	16	-1.204	-0.853	H	-1.019	-0.987	-1.505	1.266	-0.912	A	283	 	L	H	0.006	-4	-2.6	4	-2.9	-5	-0.3	5	-0.3	17	14	-1.149	-0.604	H	-1.019	-0.987	-1.505	1.266	-0.912
3h5z	A	135	 	M	-	0.0	-2	-0.7	-1	-0.1	22	-0.4	153	-0.1	19	25	-2.62	0.461	H	-0.663	-1.524	2.219	-1.005	1.212	A	406	 	W	-	0.018	-2	-0.7	-1	-0.1	22	-0.4	153	-0.1	19	15	-2.6	1.984	H	-0.595	0.009	0.672	-2.128	-0.184
3h5z	A	332	 	V	E	0.077	7	-2.8	-244	-0.2	-244	-0.2	6	-0.1	14	15	-1.625	1.873	H	-1.337	-0.279	-0.544	1.242	-1.262	A	335	 	N	-	0.255	7	-2.8	-244	-0.2	-244	-0.2	6	-0.1	16	4	-1.283	2.366	H	0.945	0.828	1.299	-0.169	0.933
3h5z	A	57	 	E	E	0.227	58	-1.9	58	-2.5	-2	-0.2	2	-0.3	8	17	-2.718	2.553	H	1.357	-1.453	1.477	0.113	-0.837	A	115	 	R	E	0.198	58	-1.9	58	-2.5	-2	-0.2	2	-0.3	12	18	-2.219	2.754	H	1.538	-0.055	1.502	0.44	2.897
3h5z	A	150	 	E	-	0.294	-5	-2.8	4	-1.9	-6	-0.2	-4	-0.2	12	6	-2.038	0.515	H	1.357	-1.453	1.477	0.113	-0.837	A	154	 	A	H	0.009	-5	-2.8	4	-1.9	-6	-0.2	-4	-0.2	18	13	-1.177	-0.422	H	-0.591	-1.302	-0.733	1.57	-0.146
3h5z	A	19	 	P	S	0.11	0	0.0	386	-1.9	0	0.0	387	-0.3	14	12	-1.432	1.298	H	0.189	2.081	-1.628	0.421	-1.392	A	404	 	Y	E	0.126	0	0.0	386	-1.9	0	0.0	387	-0.3	19	20	-1.816	2.177	H	0.26	0.83	3.097	-0.838	1.512
3h5z	A	164	 	C	E	0.007	35	-1.7	37	-2.0	-34	-0.2	2	-0.5	20	15	-1.996	2.402	H	-1.343	0.465	-0.862	-1.02	-0.255	A	201	 	V	E	0.0	35	-1.7	37	-2.0	-34	-0.2	2	-0.5	21	21	-2.21	2.554	H	-1.337	-0.279	-0.544	1.242	-1.262
3h5z	A	313	 	V	E	0.021	8	-2.6	7	-2.2	-2	-0.3	8	-1.0	19	18	-1.717	1.959	H	-1.337	-0.279	-0.544	1.242	-1.262	A	321	 	D	E	0.0	8	-2.6	7	-2.2	-2	-0.3	8	-1.0	18	22	-2.715	2.778	H	1.05	0.302	-3.656	-0.259	-3.242
3h5z	A	188	 	A	H	0.057	-4	-2.6	4	-2.5	1	-0.2	5	-0.2	22	19	-0.956	-0.812	H	-0.591	-1.302	-0.733	1.57	-0.146	A	191	 	R	H	0.032	-4	-2.6	4	-2.5	1	-0.2	5	-0.2	19	14	-1.068	-0.73	H	1.538	-0.055	1.502	0.44	2.897
3h5z	A	139	 	K	H	0.473	1	-0.3	4	-1.5	2	-0.2	5	-0.2	7	21	-0.835	-0.961	H	1.831	-0.561	0.533	-0.277	1.648	A	285	 	S	T	0.531	1	-0.3	4	-1.5	2	-0.2	5	-0.2	6	14	-1.28	-0.136	H	-0.228	1.399	-4.76	0.67	-2.647
3h5z	A	344	 	A	E	0.0	30	-2.5	32	-2.7	-2	-0.4	2	-0.4	21	18	-1.872	2.263	H	-0.591	-1.302	-0.733	1.57	-0.146	A	376	 	N	E	0.057	30	-2.5	32	-2.7	-2	-0.4	2	-0.4	13	22	-1.994	2.78	H	0.945	0.828	1.299	-0.169	0.933
3h5z	A	87	 	M	S	0.319	1	-0.3	246	-2.3	246	-0.1	247	-0.5	8	16	-1.669	-0.695	H	-0.663	-1.524	2.219	-1.005	1.212	A	333	 	I	S	0.391	1	-0.3	246	-2.3	246	-0.1	247	-0.5	12	13	-1.361	-0.61	H	-1.239	-0.547	2.131	0.393	0.816
3h5z	A	228	 	V	H	0.225	-4	-2.1	3	-1.1	4	-0.2	-1	-0.2	10	14	-1.224	-0.709	H	-1.337	-0.279	-0.544	1.242	-1.262	A	233	 	S	S	0.254	-4	-2.1	3	-1.1	4	-0.2	-1	-0.2	19	7	-2.079	2.825	H	-0.228	1.399	-4.76	0.67	-2.647
3h5z	A	166	 	I	E	0.207	35	-2.1	37	-0.5	-2	-0.5	2	-0.3	20	16	-1.819	2.527	H	-1.239	-0.547	2.131	0.393	0.816	A	201	 	V	E	0.0	35	-2.1	37	-0.5	-2	-0.5	2	-0.3	21	21	-2.21	2.554	H	-1.337	-0.279	-0.544	1.242	-1.262
3h5z	A	360	 	I	H	0.0	-4	-2.6	4	-2.3	1	-0.2	5	-0.2	24	22	-1.332	-0.392	H	-1.239	-0.547	2.131	0.393	0.816	A	364	 	L	H	0.0	-4	-2.6	4	-2.3	1	-0.2	5	-0.2	21	23	-1.091	-0.677	H	-1.019	-0.987	-1.505	1.266	-0.912
3h5z	A	367	 	A	H	0.0	-4	-2.8	5	-2.4	1	-0.2	-2	-0.2	27	13	-1.091	-0.774	H	-0.591	-1.302	-0.733	1.57	-0.146	A	371	 	G	T	0.512	-4	-2.8	5	-2.4	1	-0.2	-2	-0.2	4	19	1.578	0.207	L	-0.384	1.652	1.33	1.045	2.064
3h5z	A	356	 	L	H	0.165	1	-0.3	4	-2.6	2	-0.2	5	-0.3	9	17	-0.979	-0.69	H	-1.019	-0.987	-1.505	1.266	-0.912	A	359	 	L	H	0.0	1	-0.3	4	-2.6	2	-0.2	5	-0.3	20	16	-1.093	-0.863	H	-1.019	-0.987	-1.505	1.266	-0.912
3h5z	A	245	 	P	H	0.169	0	0.0	4	-2.1	0	0.0	5	-0.2	9	12	-0.96	-0.785	H	0.189	2.081	-1.628	0.421	-1.392	A	248	 	M	H	0.245	0	0.0	4	-2.1	0	0.0	5	-0.2	10	10	-1.257	-0.616	H	-0.663	-1.524	2.219	-1.005	1.212
3h5z	A	133	 	L	E	0.0	28	-2.5	28	-2.6	-2	-0.6	2	-0.7	18	14	-2.257	2.32	H	-1.019	-0.987	-1.505	1.266	-0.912	A	289	 	G	E	0.0	28	-2.5	28	-2.6	-2	-0.6	2	-0.7	20	14	-2.9	2.839	H	-0.384	1.652	1.33	1.045	2.064
3h5z	A	153	 	E	H	0.557	1	-0.2	3	-0.8	2	-0.2	4	-0.3	9	12	-1.12	-0.655	H	1.357	-1.453	1.477	0.113	-0.837	A	156	 	K	T	0.722	1	-0.2	3	-0.8	2	-0.2	4	-0.3	9	10	-0.982	-0.676	H	1.831	-0.561	0.533	-0.277	1.648
3h5z	A	326	 	Y	E	0.059	19	-2.1	19	-2.8	-2	-0.3	2	-0.5	18	22	-2.11	2.728	H	0.26	0.83	3.097	-0.838	1.512	A	344	 	A	E	0.0	19	-2.1	19	-2.8	-2	-0.3	2	-0.5	21	18	-1.872	2.263	H	-0.591	-1.302	-0.733	1.57	-0.146
3h5z	A	271	 	D	G	0.055	-3	-2.1	4	-2.7	1	-0.2	5	-0.3	23	8	-1.354	-0.162	H	1.05	0.302	-3.656	-0.259	-3.242	A	275	 	V	H	0.0	-3	-2.1	4	-2.7	1	-0.2	5	-0.3	25	16	-1.247	-0.722	H	-1.337	-0.279	-0.544	1.242	-1.262
3h5z	A	361	 	L	H	0.299	-4	-1.7	4	-2.3	-5	-0.3	-1	-0.2	17	17	-1.065	-0.573	H	-1.019	-0.987	-1.505	1.266	-0.912	A	364	 	L	H	0.0	-4	-1.7	4	-2.3	-5	-0.3	-1	-0.2	21	23	-1.091	-0.677	H	-1.019	-0.987	-1.505	1.266	-0.912
3h5z	A	69	 	I	H	0.03	-4	-2.3	4	-2.9	-7	-0.4	-2	-0.2	15	16	-0.925	-0.747	H	-1.239	-0.547	2.131	0.393	0.816	A	94	 	E	H	0.361	-4	-2.3	4	-2.9	-7	-0.4	-2	-0.2	9	22	-1.043	-0.782	H	1.357	-1.453	1.477	0.113	-0.837
3h5z	A	98	 	Q	H	0.359	-4	-2.3	4	-1.1	1	-0.2	-1	-0.2	12	21	-1.147	-0.717	H	0.931	-0.179	-3.005	-0.503	-1.853	A	102	 	C	-	0.067	-4	-2.3	4	-1.1	1	-0.2	-1	-0.2	11	18	-2.191	0.954	H	-1.343	0.465	-0.862	-1.02	-0.255
3h5z	A	321	 	D	E	0.0	-8	-1.0	-8	-2.6	30	-0.2	2	-0.3	18	22	-2.715	2.778	H	1.05	0.302	-3.656	-0.259	-3.242	A	353	 	S	S	0.515	-8	-1.0	-8	-2.6	30	-0.2	2	-0.3	12	10	-1.92	-0.286	H	-0.228	1.399	-4.76	0.67	-2.647
3h5z	A	62	 	N	-	0.51	1	-0.1	3	-2.1	3	-0.1	7	-0.4	4	22	-1.632	1.818	H	0.945	0.828	1.299	-0.169	0.933	A	65	 	A	S	0.321	1	-0.1	3	-2.1	3	-0.1	7	-0.4	8	10	-1.628	2.259	H	-0.591	-1.302	-0.733	1.57	-0.146
3h5z	A	75	 	L	H	0.055	-4	-1.8	4	-1.7	1	-0.2	5	-0.2	19	16	-1.031	-0.815	H	-1.019	-0.987	-1.505	1.266	-0.912	A	79	 	N	H	0.045	-4	-1.8	4	-1.7	1	-0.2	5	-0.2	18	13	-2.41	0.016	H	0.945	0.828	1.299	-0.169	0.933
3h5z	A	127	 	A	E	0.009	40	-2.3	40	-2.1	-2	-0.3	2	-0.4	16	25	-2.283	2.451	H	-0.591	-1.302	-0.733	1.57	-0.146	A	166	 	I	E	0.207	40	-2.3	40	-2.1	-2	-0.3	2	-0.4	20	16	-1.819	2.527	H	-1.239	-0.547	2.131	0.393	0.816
3h5z	A	99	 	W	H	0.0	-4	-1.9	3	-0.3	1	-0.2	-2	-0.2	19	13	-1.068	-0.867	H	-0.595	0.009	0.672	-2.128	-0.184	A	307	 	V	T	0.014	-4	-1.9	3	-0.3	1	-0.2	-2	-0.2	16	16	-2.142	-1.103	H	-1.337	-0.279	-0.544	1.242	-1.262
3h5z	A	246	 	M	H	0.165	1	-0.2	4	-2.5	2	-0.2	5	-0.3	8	18	-1.206	-0.64	H	-0.663	-1.524	2.219	-1.005	1.212	A	250	 	K	H	0.473	1	-0.2	4	-2.5	2	-0.2	5	-0.3	7	14	-1.008	-0.836	H	1.831	-0.561	0.533	-0.277	1.648
3h5z	A	237	 	A	G	0.745	1	-0.3	3	-1.8	2	-0.2	4	-0.2	0	11	-0.775	-0.729	H	-0.591	-1.302	-0.733	1.57	-0.146	A	240	 	Q	G	0.626	1	-0.3	3	-1.8	2	-0.2	4	-0.2	4	11	-1.215	-0.14	H	0.931	-0.179	-3.005	-0.503	-1.853
3h5z	A	53	 	A	-	0.5	-2	-0.3	3	-2.4	1	-0.1	-1	-0.0	9	7	-0.946	2.558	H	-0.591	-1.302	-0.733	1.57	-0.146	A	56	 	F	E	0.218	-2	-0.3	3	-2.4	1	-0.1	-1	-0.0	11	11	-1.997	2.964	H	-1.006	-0.59	1.891	-0.397	0.412
3h5z	A	78	 	D	H	0.405	-4	-2.3	-2	-0.2	-5	-0.2	-1	-0.2	10	18	-1.732	-0.191	H	1.05	0.302	-3.656	-0.259	-3.242	A	173	 	K	G	0.439	-4	-2.3	-2	-0.2	-5	-0.2	-1	-0.2	8	12	-0.934	-0.549	H	1.831	-0.561	0.533	-0.277	1.648
3h5z	A	357	 	H	H	0.364	1	-0.2	4	-1.7	2	-0.2	-1	-0.3	9	19	-1.091	-0.56	H	0.336	-0.417	-1.673	-1.474	-0.078	A	389	 	Q	H	0.606	1	-0.2	4	-1.7	2	-0.2	-1	-0.3	10	8	-1.06	-0.723	H	0.931	-0.179	-3.005	-0.503	-1.853
3h5z	A	215	 	G	E	0.024	184	-2.3	184	-2.3	-2	-0.3	2	-0.1	18	13	-2.32	2.637	H	-0.384	1.652	1.33	1.045	2.064	A	398	 	H	E	0.38	184	-2.3	184	-2.3	-2	-0.3	2	-0.1	9	15	-2.807	2.545	H	0.336	-0.417	-1.673	-1.474	-0.078
3h5z	A	134	 	R	E	0.181	155	-3.2	155	-1.4	-2	-0.4	24	-0.1	19	13	-1.278	2.211	H	1.538	-0.055	1.502	0.44	2.897	A	288	 	V	B	0.0	155	-3.2	155	-1.4	-2	-0.4	24	-0.1	20	21	-2.061	2.158	H	-1.337	-0.279	-0.544	1.242	-1.262
3h5z	A	252	 	N	H	0.395	-4	-2.5	-1	-0.2	1	-0.2	-2	-0.2	14	8	-0.862	-0.667	H	0.945	0.828	1.299	-0.169	0.933	A	391	 	K	T	0.429	-4	-2.5	-1	-0.2	1	-0.2	-2	-0.2	10	16	1.279	0.555	L	1.831	-0.561	0.533	-0.277	1.648
3h5z	A	143	 	V	H	0.577	-4	-1.5	4	-1.9	-5	-0.2	-2	-0.2	2	16	-1.28	-0.723	H	-1.337	-0.279	-0.544	1.242	-1.262	A	146	 	Q	H	0.722	-4	-1.5	4	-1.9	-5	-0.2	-2	-0.2	5	12	-1.014	-0.658	H	0.931	-0.179	-3.005	-0.503	-1.853
3h5z	A	23	 	T	S	0.493	1	-0.1	4	-2.1	187	-0.1	5	-0.1	4	16	-2.443	2.844	H	-0.032	0.326	2.213	0.908	1.313	A	27	 	T	H	0.021	1	-0.1	4	-2.1	187	-0.1	5	-0.1	17	9	-0.934	-0.61	H	-0.032	0.326	2.213	0.908	1.313
3h5z	A	297	 	I	H	0.0	-4	-2.7	4	-2.1	2	-0.2	5	-0.5	19	14	-1.075	-0.731	H	-1.239	-0.547	2.131	0.393	0.816	A	301	 	L	H	0.006	-4	-2.7	4	-2.1	2	-0.2	5	-0.5	26	14	-2.126	-0.439	H	-1.019	-0.987	-1.505	1.266	-0.912
3h5z	A	286	 	F	S	0.036	-3	-2.2	130	-0.1	-4	-0.2	129	-0.1	21	10	-1.738	2.592	H	-1.006	-0.59	1.891	-0.397	0.412	A	414	 	S	G	0.385	-3	-2.2	130	-0.1	-4	-0.2	129	-0.1	4	22	-1.328	0.039	H	-0.228	1.399	-4.76	0.67	-2.647
3h5z	A	268	 	K	-	0.488	-2	-0.2	3	-2.1	34	-0.1	4	-0.4	3	21	-2.235	2.871	H	1.831	-0.561	0.533	-0.277	1.648	A	271	 	D	G	0.055	-2	-0.2	3	-2.1	34	-0.1	4	-0.4	23	8	-1.354	-0.162	H	1.05	0.302	-3.656	-0.259	-3.242
3h5z	A	368	 	H	H	0.397	-4	-2.6	3	-1.5	-5	-0.2	-1	-0.2	17	12	-1.06	-0.808	H	0.336	-0.417	-1.673	-1.474	-0.078	A	371	 	G	T	0.512	-4	-2.6	3	-1.5	-5	-0.2	-1	-0.2	4	19	1.578	0.207	L	-0.384	1.652	1.33	1.045	2.064
3h5z	A	298	 	S	H	0.315	-4	-2.7	4	-1.9	-5	-0.2	-2	-0.2	7	20	-1.073	-0.771	H	-0.228	1.399	-4.76	0.67	-2.647	A	302	 	L	S	0.201	-4	-2.7	4	-1.9	-5	-0.2	-2	-0.2	12	21	-1.049	2.382	H	-1.019	-0.987	-1.505	1.266	-0.912
3h5z	A	220	 	R	E	0.044	155	-2.2	155	-1.9	-2	-0.3	2	-0.2	26	16	-2.279	1.924	H	1.538	-0.055	1.502	0.44	2.897	A	375	 	C	E	0.0	155	-2.2	155	-1.9	-2	-0.3	2	-0.2	21	23	-2.017	2.185	H	-1.343	0.465	-0.862	-1.02	-0.255
3h5z	A	36	 	M	S	0.33	369	-0.3	2	-0.1	-17	-0.2	-16	-0.1	13	9	-1.524	-0.806	H	-0.663	-1.524	2.219	-1.005	1.212	A	405	 	N	S	0.064	369	-0.3	2	-0.1	-17	-0.2	-16	-0.1	13	19	1.113	0.703	L	0.945	0.828	1.299	-0.169	0.933
3h5z	A	227	 	L	H	0.0	-4	-2.3	5	-1.8	1	-0.2	6	-1.8	20	13	-0.978	-0.708	H	-1.019	-0.987	-1.505	1.266	-0.912	A	233	 	S	S	0.254	-4	-2.3	5	-1.8	1	-0.2	6	-1.8	19	7	-2.079	2.825	H	-0.228	1.399	-4.76	0.67	-2.647
3h5z	A	325	 	F	E	0.0	-16	-2.6	-16	-2.8	-2	-0.3	2	-0.3	18	21	-2.452	2.726	H	-1.006	-0.59	1.891	-0.397	0.412	A	345	 	Y	E	0.095	-16	-2.6	-16	-2.8	-2	-0.3	2	-0.3	13	23	-1.986	2.255	H	0.26	0.83	3.097	-0.838	1.512
3h5z	A	185	 	I	H	0.148	-4	-2.7	4	-2.4	-5	-0.2	-1	-0.2	13	23	-1.188	-0.775	H	-1.239	-0.547	2.131	0.393	0.816	A	189	 	T	H	0.197	-4	-2.7	4	-2.4	-5	-0.2	-1	-0.2	14	25	-1.044	-0.781	H	-0.032	0.326	2.213	0.908	1.313
3h5z	A	65	 	A	S	0.321	-3	-2.1	4	-2.3	1	-0.1	3	-0.7	8	10	-1.628	2.259	H	-0.591	-1.302	-0.733	1.57	-0.146	A	68	 	D	H	0.27	-3	-2.1	4	-2.3	1	-0.1	3	-0.7	10	12	-1.237	-0.809	H	1.05	0.302	-3.656	-0.259	-3.242
3h5z	A	324	 	S	E	0.008	24	-1.5	23	-2.5	-2	-0.3	2	-0.3	18	24	-2.456	2.661	H	-0.228	1.399	-4.76	0.67	-2.647	A	348	 	Y	E	0.032	24	-1.5	23	-2.5	-2	-0.3	2	-0.3	21	22	-1.37	2.773	H	0.26	0.83	3.097	-0.838	1.512
3h5z	A	212	 	Y	S	0.027	189	-2.3	199	-2.8	1	-0.3	2	-0.3	21	23	-1.559	-0.293	H	0.26	0.83	3.097	-0.838	1.512	A	401	 	Y	E	0.023	189	-2.3	199	-2.8	1	-0.3	2	-0.3	20	19	-1.694	2.321	H	0.26	0.83	3.097	-0.838	1.512
3h5z	A	361	 	L	H	0.299	-4	-1.7	4	-2.3	-5	-0.3	-1	-0.2	17	17	-1.065	-0.573	H	-1.019	-0.987	-1.505	1.266	-0.912	A	365	 	I	H	0.0	-4	-1.7	4	-2.3	-5	-0.3	-1	-0.2	14	20	-1.086	-0.832	H	-1.239	-0.547	2.131	0.393	0.816
3h5z	A	261	 	N	S	0.089	97	-0.1	3	-1.6	98	-0.1	2	-0.1	23	5	-1.47	2.201	H	0.945	0.828	1.299	-0.169	0.933	A	354	 	I	S	0.178	97	-0.1	3	-1.6	98	-0.1	2	-0.1	16	5	-2.436	2.774	H	-1.239	-0.547	2.131	0.393	0.816
3h5z	A	128	 	G	E	0.012	-18	-1.5	-21	-0.2	-2	-0.4	38	-0.2	22	18	-2.068	2.499	H	-0.384	1.652	1.33	1.045	2.064	A	165	 	E	E	0.093	-18	-1.5	-21	-0.2	-2	-0.4	38	-0.2	18	24	-1.848	2.217	H	1.357	-1.453	1.477	0.113	-0.837
3h5z	A	308	 	V	E	0.007	-4	-1.7	-4	-2.4	18	-0.2	2	-0.4	18	17	-2.338	2.355	H	-1.337	-0.279	-0.544	1.242	-1.262	A	324	 	S	E	0.008	-4	-1.7	-4	-2.4	18	-0.2	2	-0.4	18	24	-2.456	2.661	H	-0.228	1.399	-4.76	0.67	-2.647
3h5z	A	81	 	V	-	0.542	8	-0.1	9	-2.4	1	-0.0	2	-0.3	10	20	-1.052	2.222	H	-1.337	-0.279	-0.544	1.242	-1.262	A	90	 	F	E	0.203	8	-0.1	9	-2.4	1	-0.0	2	-0.3	14	18	-1.044	2.454	H	-1.006	-0.59	1.891	-0.397	0.412
3h5z	A	99	 	W	H	0.0	-4	-1.9	3	-0.3	1	-0.2	-2	-0.2	19	13	-1.068	-0.867	H	-0.595	0.009	0.672	-2.128	-0.184	A	300	 	Y	H	0.095	-4	-1.9	3	-0.3	1	-0.2	-2	-0.2	21	18	-1.363	-0.239	H	0.26	0.83	3.097	-0.838	1.512
3h5z	A	225	 	E	H	0.51	2	-0.2	4	-2.1	1	-0.2	5	-0.1	6	20	-1.143	-0.728	H	1.357	-1.453	1.477	0.113	-0.837	A	229	 	E	H	0.443	2	-0.2	4	-2.1	1	-0.2	5	-0.1	11	10	-1.036	-0.634	H	1.357	-1.453	1.477	0.113	-0.837
3h5z	A	227	 	L	H	0.0	-4	-2.3	5	-1.8	1	-0.2	6	-1.8	20	13	-0.978	-0.708	H	-1.019	-0.987	-1.505	1.266	-0.912	A	231	 	R	T	0.782	-4	-2.3	5	-1.8	1	-0.2	6	-1.8	7	14	1.123	0.462	L	1.538	-0.055	1.502	0.44	2.897
3h5z	A	276	 	R	H	0.391	-4	-2.8	4	-2.9	-5	-0.3	5	-0.3	15	20	-0.994	-0.782	H	1.538	-0.055	1.502	0.44	2.897	A	294	 	D	H	0.454	-4	-2.8	4	-2.9	-5	-0.3	5	-0.3	6	17	-0.936	-0.789	H	1.05	0.302	-3.656	-0.259	-3.242
3h5z	A	263	 	G	T	0.321	1	-0.3	51	-2.0	50	-0.1	2	-0.3	13	10	1.483	-0.018	L	-0.384	1.652	1.33	1.045	2.064	A	314	 	E	E	0.325	1	-0.3	51	-2.0	50	-0.1	2	-0.3	12	14	-2.084	1.988	H	1.357	-1.453	1.477	0.113	-0.837
3h5z	A	59	 	W	E	0.194	54	-2.4	54	-1.8	-2	-0.3	-2	-0.0	19	11	-2.489	2.268	H	-0.595	0.009	0.672	-2.128	-0.184	A	113	 	A	E	0.009	54	-2.4	54	-1.8	-2	-0.3	-2	-0.0	19	25	-2.219	2.709	H	-0.591	-1.302	-0.733	1.57	-0.146
3h5z	A	102	 	C	-	0.067	-4	-1.1	-1	-0.2	-3	-0.3	3	-0.1	11	18	-2.191	0.954	H	-1.343	0.465	-0.862	-1.02	-0.255	A	299	 	H	H	0.114	-4	-1.1	-1	-0.2	-3	-0.3	3	-0.1	14	14	-1.133	-0.975	H	0.336	-0.417	-1.673	-1.474	-0.078
3h5z	A	262	 	S	T	0.669	-2	-0.5	-2	-0.1	1	-0.3	-1	-0.1	3	17	-1.145	2.501	H	-0.228	1.399	-4.76	0.67	-2.647	A	315	 	N	E	0.376	-2	-0.5	-2	-0.1	1	-0.3	-1	-0.1	6	10	-2.146	2.398	H	0.945	0.828	1.299	-0.169	0.933
3h5z	A	287	 	D	S	0.092	128	-0.4	2	-0.5	-2	-0.3	-151	-0.3	20	16	-1.157	-0.709	H	1.05	0.302	-3.656	-0.259	-3.242	A	415	 	Q	G	0.263	128	-0.4	2	-0.5	-2	-0.3	-151	-0.3	14	20	-1.791	0.163	H	0.931	-0.179	-3.005	-0.503	-1.853
3h5z	A	223	 	N	S	0.369	150	-2.2	4	-2.3	1	-0.1	3	-0.3	16	19	-2.21	1.392	H	0.945	0.828	1.299	-0.169	0.933	A	373	 	D	S	0.043	150	-2.2	4	-2.3	1	-0.1	3	-0.3	17	21	-1.724	-0.384	H	1.05	0.302	-3.656	-0.259	-3.242
3h5z	A	26	 	E	H	0.294	2	-0.2	3	-2.1	1	-0.2	4	-0.6	9	10	-1.069	-0.947	H	1.357	-1.453	1.477	0.113	-0.837	A	30	 	I	-	0.083	2	-0.2	3	-2.1	1	-0.2	4	-0.6	21	7	-1.4	2.376	H	-1.239	-0.547	2.131	0.393	0.816
3h5z	A	249	 	L	H	0.037	-4	-2.1	4	-1.5	-5	-0.2	-2	-0.2	20	8	-1.139	-0.808	H	-1.019	-0.987	-1.505	1.266	-0.912	A	252	 	N	H	0.395	-4	-2.1	4	-1.5	-5	-0.2	-2	-0.2	14	8	-0.862	-0.667	H	0.945	0.828	1.299	-0.169	0.933
3h5z	A	239	 	Y	G	0.158	-3	-1.9	3	-1.6	1	-0.3	-1	-0.3	12	6	-1.132	-0.299	H	0.26	0.83	3.097	-0.838	1.512	A	252	 	N	H	0.395	-3	-1.9	3	-1.6	1	-0.3	-1	-0.3	14	8	-0.862	-0.667	H	0.945	0.828	1.299	-0.169	0.933
3h5z	A	257	 	S	S	0.838	1	-0.1	-2	-0.0	2	-0.1	0	0.0	0	17	-1.382	-0.249	H	-0.228	1.399	-4.76	0.67	-2.647	A	369	 	S	H	0.538	1	-0.1	-2	-0.0	2	-0.1	0	0.0	9	12	-1.023	-0.591	H	-0.228	1.399	-4.76	0.67	-2.647
3h5z	A	261	 	N	S	0.089	97	-0.1	3	-1.6	98	-0.1	2	-0.1	23	5	-1.47	2.201	H	0.945	0.828	1.299	-0.169	0.933	A	264	 	L	E	0.189	97	-0.1	3	-1.6	98	-0.1	2	-0.1	16	14	-1.182	2.342	H	-1.019	-0.987	-1.505	1.266	-0.912
3h5z	A	206	 	V	S	0.669	194	-0.1	2	-0.6	191	-0.1	194	-0.2	4	14	-1.461	2.729	H	-1.337	-0.279	-0.544	1.242	-1.262	A	402	 	Y	E	0.0	194	-0.1	2	-0.6	191	-0.1	194	-0.2	18	22	-2.279	2.572	H	0.26	0.83	3.097	-0.838	1.512
3h5z	A	146	 	Q	H	0.722	-4	-2.1	3	-0.9	1	-0.2	-1	-0.2	5	12	-1.014	-0.658	H	0.931	-0.179	-3.005	-0.503	-1.853	A	149	 	G	T	0.845	-4	-2.1	3	-0.9	1	-0.2	-1	-0.2	0	12	1.338	0.434	L	-0.384	1.652	1.33	1.045	2.064
3h5z	A	92	 	Y	-	0.059	236	-0.2	-15	-0.1	1	-0.1	236	-0.1	20	18	-0.861	2.316	H	0.26	0.83	3.097	-0.838	1.512	A	328	 	I	E	0.006	236	-0.2	-15	-0.1	1	-0.1	236	-0.1	15	20	-2.306	1.937	H	-1.239	-0.547	2.131	0.393	0.816
3h5z	A	186	 	K	H	0.337	-4	-2.6	4	-1.9	-5	-0.3	-2	-0.2	14	15	-1.067	-0.678	H	1.831	-0.561	0.533	-0.277	1.648	A	190	 	R	H	0.125	-4	-2.6	4	-1.9	-5	-0.3	-2	-0.2	13	19	-1.047	-0.864	H	1.538	-0.055	1.502	0.44	2.897
3h5z	A	294	 	D	H	0.454	1	-0.2	4	-2.7	2	-0.2	5	-0.2	6	17	-0.936	-0.789	H	1.05	0.302	-3.656	-0.259	-3.242	A	297	 	I	H	0.0	1	-0.2	4	-2.7	2	-0.2	5	-0.2	19	14	-1.075	-0.731	H	-1.239	-0.547	2.131	0.393	0.816
3h5z	A	294	 	D	H	0.454	1	-0.2	4	-2.7	2	-0.2	5	-0.2	6	17	-0.936	-0.789	H	1.05	0.302	-3.656	-0.259	-3.242	A	298	 	S	H	0.315	1	-0.2	4	-2.7	2	-0.2	5	-0.2	7	20	-1.073	-0.771	H	-0.228	1.399	-4.76	0.67	-2.647
3h5z	A	329	 	P	E	0.029	0	0.0	-238	-2.8	0	0.0	2	-0.4	14	16	-1.388	2.716	H	0.189	2.081	-1.628	0.421	-1.392	A	341	 	L	E	0.043	0	0.0	-238	-2.8	0	0.0	2	-0.4	24	14	-1.852	2.085	H	-1.019	-0.987	-1.505	1.266	-0.912
3h5z	A	189	 	T	H	0.197	-4	-2.4	4	-2.9	1	-0.2	-1	-0.2	14	25	-1.044	-0.781	H	-0.032	0.326	2.213	0.908	1.313	A	193	 	N	H	0.115	-4	-2.4	4	-2.9	1	-0.2	-1	-0.2	16	14	-1.103	-0.523	H	0.945	0.828	1.299	-0.169	0.933
3h5z	A	265	 	R	E	0.218	47	-2.2	47	-2.9	-2	-0.3	0	0.0	8	20	-2.694	2.964	H	1.538	-0.055	1.502	0.44	2.897	A	271	 	D	G	0.055	47	-2.2	47	-2.9	-2	-0.3	0	0.0	23	8	-1.354	-0.162	H	1.05	0.302	-3.656	-0.259	-3.242
3h5z	A	192	 	V	H	0.07	-4	-2.5	5	-1.7	-5	-0.2	3	-1.2	23	14	-1.065	-0.863	H	-1.337	-0.279	-0.544	1.242	-1.262	A	197	 	V	-	0.141	-4	-2.5	5	-1.7	-5	-0.2	3	-1.2	22	11	-2.044	2.346	H	-1.337	-0.279	-0.544	1.242	-1.262
3h5z	A	142	 	K	H	0.317	-4	-2.2	4	-2.1	2	-0.2	-2	-0.2	10	17	-1.137	-0.47	H	1.831	-0.561	0.533	-0.277	1.648	A	146	 	Q	H	0.722	-4	-2.2	4	-2.1	2	-0.2	-2	-0.2	5	12	-1.014	-0.658	H	0.931	-0.179	-3.005	-0.503	-1.853
3h5z	A	219	 	H	E	0.25	174	-2.4	174	-2.7	-2	-0.3	2	-0.5	13	21	-2.282	2.599	H	0.336	-0.417	-1.673	-1.474	-0.078	A	376	 	N	E	0.057	174	-2.4	174	-2.7	-2	-0.3	2	-0.5	13	22	-1.994	2.78	H	0.945	0.828	1.299	-0.169	0.933
3h5z	A	274	 	Q	H	0.172	-4	-0.3	4	-2.6	-3	-0.2	5	-0.3	15	13	-1.315	-0.637	H	0.931	-0.179	-3.005	-0.503	-1.853	A	278	 	I	H	0.083	-4	-0.3	4	-2.6	-3	-0.2	5	-0.3	17	11	-1.188	-0.568	H	-1.239	-0.547	2.131	0.393	0.816
3h5z	A	276	 	R	H	0.391	-4	-2.8	4	-2.9	-5	-0.3	5	-0.3	15	20	-0.994	-0.782	H	1.538	-0.055	1.502	0.44	2.897	A	280	 	M	H	0.117	-4	-2.8	4	-2.9	-5	-0.3	5	-0.3	12	16	-1.147	-0.596	H	-0.663	-1.524	2.219	-1.005	1.212
3h5z	A	182	 	P	H	0.14	0	0.0	4	-2.6	0	0.0	-1	-0.3	11	17	-0.953	-0.647	H	0.189	2.081	-1.628	0.421	-1.392	A	185	 	I	H	0.148	0	0.0	4	-2.6	0	0.0	-1	-0.3	13	23	-1.188	-0.775	H	-1.239	-0.547	2.131	0.393	0.816
3h5z	A	342	 	N	E	0.178	-2	-0.5	31	-2.8	-13	-0.2	32	-1.0	13	24	-1.787	1.75	H	0.945	0.828	1.299	-0.169	0.933	A	371	 	G	T	0.512	-2	-0.5	31	-2.8	-13	-0.2	32	-1.0	4	19	1.578	0.207	L	-0.384	1.652	1.33	1.045	2.064
3h5z	A	304	 	R	B	0.383	4	-2.4	3	-2.5	-3	-0.1	4	-1.7	13	11	-2.29	2.194	H	1.538	-0.055	1.502	0.44	2.897	A	307	 	V	T	0.014	4	-2.4	3	-2.5	-3	-0.1	4	-1.7	16	16	-2.142	-1.103	H	-1.337	-0.279	-0.544	1.242	-1.262
3h5z	A	364	 	L	H	0.0	-4	-2.3	4	-2.6	2	-0.2	-2	-0.2	21	23	-1.091	-0.677	H	-1.019	-0.987	-1.505	1.266	-0.912	A	367	 	A	H	0.0	-4	-2.3	4	-2.6	2	-0.2	-2	-0.2	27	13	-1.091	-0.774	H	-0.591	-1.302	-0.733	1.57	-0.146
3h5z	A	16	 	S	G	0.531	-4	-2.3	-1	-0.3	1	-0.2	-3	-0.1	3	13	-1.143	-0.221	H	-0.228	1.399	-4.76	0.67	-2.647	A	22	 	Q	-	0.354	-4	-2.3	-1	-0.3	1	-0.2	-3	-0.1	10	20	-1.633	-0.373	H	0.931	-0.179	-3.005	-0.503	-1.853
3h5z	A	144	 	K	H	0.502	-4	-1.3	4	-1.4	1	-0.2	-2	-0.2	9	11	-1.078	-0.679	H	1.831	-0.561	0.533	-0.277	1.648	A	147	 	E	H	0.742	-4	-1.3	4	-1.4	1	-0.2	-2	-0.2	5	7	-1.167	-0.531	H	1.357	-1.453	1.477	0.113	-0.837
3h5z	A	124	 	A	E	0.0	-10	-1.5	-10	-1.8	47	-0.2	-1	-0.3	20	25	-2.895	2.723	H	-0.591	-1.302	-0.733	1.57	-0.146	A	170	 	C	E	0.03	-10	-1.5	-10	-1.8	47	-0.2	-1	-0.3	21	16	-2.704	2.096	H	-1.343	0.465	-0.862	-1.02	-0.255
3h5z	A	72	 	I	H	0.0	-4	-1.9	4	-2.4	1	-0.2	5	-0.2	28	19	-1.184	-0.766	H	-1.239	-0.547	2.131	0.393	0.816	A	75	 	L	H	0.055	-4	-1.9	4	-2.4	1	-0.2	5	-0.2	19	16	-1.031	-0.815	H	-1.019	-0.987	-1.505	1.266	-0.912
3h5z	A	114	 	V	E	0.0	10	-1.8	9	-2.9	-2	-0.3	10	-1.5	25	17	-2.006	2.368	H	-1.337	-0.279	-0.544	1.242	-1.262	A	123	 	L	E	0.049	10	-1.8	9	-2.9	-2	-0.3	10	-1.5	17	20	-1.95	-0.553	H	-1.019	-0.987	-1.505	1.266	-0.912
3h5z	A	200	 	A	E	0.094	204	-1.1	204	-2.5	-2	-0.3	2	-0.4	17	19	-2.47	2.812	H	-0.591	-1.302	-0.733	1.57	-0.146	A	404	 	Y	E	0.126	204	-1.1	204	-2.5	-2	-0.3	2	-0.4	19	20	-1.816	2.177	H	0.26	0.83	3.097	-0.838	1.512
3h5z	A	359	 	L	H	0.0	-4	-1.5	4	-1.0	-3	-0.2	3	-0.6	20	16	-1.093	-0.863	H	-1.019	-0.987	-1.505	1.266	-0.912	A	363	 	L	H	0.0	-4	-1.5	4	-1.0	-3	-0.2	3	-0.6	24	23	-1.036	-0.86	H	-1.019	-0.987	-1.505	1.266	-0.912
3h5z	A	273	 	P	H	0.449	0	0.0	4	-2.2	0	0.0	-1	-0.2	2	21	-1.119	-0.649	H	0.189	2.081	-1.628	0.421	-1.392	A	276	 	R	H	0.391	0	0.0	4	-2.2	0	0.0	-1	-0.2	15	20	-0.994	-0.782	H	1.538	-0.055	1.502	0.44	2.897
3h5z	A	115	 	R	E	0.198	-58	-2.5	-58	-1.9	-2	-0.4	2	-0.4	12	18	-2.219	2.754	H	1.538	-0.055	1.502	0.44	2.897	A	121	 	K	-	0.341	-58	-2.5	-58	-1.9	-2	-0.4	2	-0.4	7	15	-1.173	2.201	H	1.831	-0.561	0.533	-0.277	1.648
3h5z	A	46	 	P	-	0.647	0	0.0	-1	-0.1	0	0.0	148	-0.1	8	11	-0.818	2.3	H	0.189	2.081	-1.628	0.421	-1.392	A	190	 	R	H	0.125	0	0.0	-1	-0.1	0	0.0	148	-0.1	13	19	-1.047	-0.864	H	1.538	-0.055	1.502	0.44	2.897
3h5z	A	93	 	S	-	0.131	234	-0.3	4	-2.4	213	-0.2	5	-0.1	12	19	-1.405	2.887	H	-0.228	1.399	-4.76	0.67	-2.647	A	97	 	L	H	0.0	234	-0.3	4	-2.4	213	-0.2	5	-0.1	22	15	-1.108	-0.652	H	-1.019	-0.987	-1.505	1.266	-0.912
3h5z	A	349	 	Y	E	0.009	-26	-0.2	2	-0.3	-2	-0.1	-26	-0.2	18	23	-2.77	2.936	H	0.26	0.83	3.097	-0.838	1.512	A	381	 	L	T	0.018	-26	-0.2	2	-0.3	-2	-0.1	-26	-0.2	16	17	0.816	-2.432	L	-1.019	-0.987	-1.505	1.266	-0.912
3h5z	A	365	 	I	H	0.0	-4	-2.3	4	-2.3	-5	-0.2	-2	-0.2	14	20	-1.086	-0.832	H	-1.239	-0.547	2.131	0.393	0.816	A	369	 	S	H	0.538	-4	-2.3	4	-2.3	-5	-0.2	-2	-0.2	9	12	-1.023	-0.591	H	-0.228	1.399	-4.76	0.67	-2.647
3h5z	A	386	 	F	G	0.0	-3	-1.1	4	-2.1	-4	-0.3	6	-0.3	14	10	-2.081	0.235	H	-1.006	-0.59	1.891	-0.397	0.412	A	390	 	L	H	0.055	-3	-1.1	4	-2.1	-4	-0.3	6	-0.3	22	8	-1.6	0.132	H	-1.019	-0.987	-1.505	1.266	-0.912
3h5z	A	328	 	I	E	0.006	15	-2.2	15	-0.9	-2	-0.5	2	-0.2	15	20	-2.306	1.937	H	-1.239	-0.547	2.131	0.393	0.816	A	343	 	A	E	0.009	15	-2.2	15	-0.9	-2	-0.5	2	-0.2	17	21	-1.81	2.436	H	-0.591	-1.302	-0.733	1.57	-0.146
3h5z	A	130	 	P	E	0.191	0	0.0	2	-0.3	0	0.0	34	-0.2	14	23	-1.319	2.552	H	0.189	2.081	-1.628	0.421	-1.392	A	163	 	I	E	0.012	0	0.0	2	-0.3	0	0.0	34	-0.2	18	15	-2.197	-2.968	H	-1.239	-0.547	2.131	0.393	0.816
3h5z	A	139	 	K	H	0.473	1	-0.3	4	-1.5	2	-0.2	5	-0.2	7	21	-0.835	-0.961	H	1.831	-0.561	0.533	-0.277	1.648	A	143	 	V	H	0.577	1	-0.3	4	-1.5	2	-0.2	5	-0.2	2	16	-1.28	-0.723	H	-1.337	-0.279	-0.544	1.242	-1.262
3h5z	A	321	 	D	E	0.0	-8	-1.0	-8	-2.6	30	-0.2	2	-0.3	18	22	-2.715	2.778	H	1.05	0.302	-3.656	-0.259	-3.242	A	350	 	A	E	0.019	-8	-1.0	-8	-2.6	30	-0.2	2	-0.3	16	22	-2.801	2.288	H	-0.591	-1.302	-0.733	1.57	-0.146
3h5z	A	387	 	V	H	0.063	-3	-0.8	5	-2.5	-4	-0.5	4	-0.5	13	13	-1.054	-0.905	H	-1.337	-0.279	-0.544	1.242	-1.262	A	391	 	K	T	0.429	-3	-0.8	5	-2.5	-4	-0.5	4	-0.5	10	16	1.279	0.555	L	1.831	-0.561	0.533	-0.277	1.648
3h5z	A	132	 	T	E	0.134	159	-0.5	159	-2.3	-2	-0.3	2	-0.4	8	19	-1.719	2.136	H	-0.032	0.326	2.213	0.908	1.313	A	290	 	P	E	0.0	159	-0.5	159	-2.3	-2	-0.3	2	-0.4	17	21	-1.44	2.691	H	0.189	2.081	-1.628	0.421	-1.392
3h5z	A	132	 	T	E	0.134	159	-0.5	159	-2.3	-2	-0.3	2	-0.4	8	19	-1.719	2.136	H	-0.032	0.326	2.213	0.908	1.313	A	291	 	V	-	0.317	159	-0.5	159	-2.3	-2	-0.3	2	-0.4	9	22	-1.979	2.121	H	-1.337	-0.279	-0.544	1.242	-1.262
3h5z	A	31	 	V	-	0.408	1	-0.2	2	-0.3	-2	-0.2	-1	-0.1	11	19	-2.195	-0.32	H	-1.337	-0.279	-0.544	1.242	-1.262	A	141	 	M	H	0.053	1	-0.2	2	-0.3	-2	-0.2	-1	-0.1	17	11	-1.393	-0.531	H	-0.663	-1.524	2.219	-1.005	1.212
3h5z	A	110	 	W	G	0.026	-3	-1.7	18	-1.5	18	-0.1	2	-0.8	20	19	-1.394	-0.076	H	-0.595	0.009	0.672	-2.128	-0.184	A	128	 	G	E	0.012	-3	-1.7	18	-1.5	18	-0.1	2	-0.8	22	18	-2.068	2.499	H	-0.384	1.652	1.33	1.045	2.064
3h5z	A	137	 	T	-	0.056	17	-0.7	-1	-0.2	-104	-0.2	5	-0.1	19	20	-0.87	2.322	H	-0.032	0.326	2.213	0.908	1.313	A	154	 	A	H	0.009	17	-0.7	-1	-0.2	-104	-0.2	5	-0.1	18	13	-1.177	-0.422	H	-0.591	-1.302	-0.733	1.57	-0.146
3h5z	A	179	 	R	S	0.597	3	-0.0	4	-0.8	-4	-0.0	-3	-0.1	5	13	1.243	0.43	L	1.538	-0.055	1.502	0.44	2.897	A	182	 	P	H	0.14	3	-0.0	4	-0.8	-4	-0.0	-3	-0.1	11	17	-0.953	-0.647	H	0.189	2.081	-1.628	0.421	-1.392
3h5z	A	42	 	V	G	0.324	-2	-0.3	3	-1.4	1	-0.3	-1	-0.1	6	12	-0.864	-0.724	H	-1.337	-0.279	-0.544	1.242	-1.262	A	194	 	R	T	0.339	-2	-0.3	3	-1.4	1	-0.3	-1	-0.1	13	11	-1.251	-0.199	H	1.538	-0.055	1.502	0.44	2.897
3h5z	A	163	 	I	E	0.012	-32	-2.7	-32	-1.9	-2	-0.8	2	-0.4	18	15	-2.197	-2.968	H	-1.239	-0.547	2.131	0.393	0.816	A	199	 	Q	-	0.045	-32	-2.7	-32	-1.9	-2	-0.8	2	-0.4	17	22	-2.088	2.773	H	0.931	-0.179	-3.005	-0.503	-1.853
3h5z	A	214	 	S	E	0.346	197	-0.3	2	-0.3	-2	-0.3	186	-0.2	9	20	-2.585	2.294	H	-0.228	1.399	-4.76	0.67	-2.647	A	399	 	L	E	0.098	197	-0.3	2	-0.3	-2	-0.3	186	-0.2	14	16	-1.588	2.17	H	-1.019	-0.987	-1.505	1.266	-0.912
3h5z	A	199	 	Q	-	0.045	-37	-0.2	-35	-1.7	-7	-0.1	2	-0.3	17	22	-2.088	2.773	H	0.931	-0.179	-3.005	-0.503	-1.853	A	405	 	N	S	0.064	-37	-0.2	-35	-1.7	-7	-0.1	2	-0.3	13	19	1.113	0.703	L	0.945	0.828	1.299	-0.169	0.933
3h5z	A	74	 	E	H	0.392	-4	-2.3	4	-2.3	2	-0.2	5	-0.2	7	19	-1.25	-0.627	H	1.357	-1.453	1.477	0.113	-0.837	A	78	 	D	H	0.405	-4	-2.3	4	-2.3	2	-0.2	5	-0.2	10	18	-1.732	-0.191	H	1.05	0.302	-3.656	-0.259	-3.242
3h5z	A	283	 	L	H	0.006	-4	-2.9	3	-2.2	1	-0.3	-1	-0.2	17	14	-1.149	-0.604	H	-1.019	-0.987	-1.505	1.266	-0.912	A	286	 	F	S	0.036	-4	-2.9	3	-2.2	1	-0.3	-1	-0.2	21	10	-1.738	2.592	H	-1.006	-0.59	1.891	-0.397	0.412
3h5z	A	244	 	N	-	0.516	1	-0.2	4	-1.7	2	-0.1	-1	-0.3	6	8	-2.256	1.531	H	0.945	0.828	1.299	-0.169	0.933	A	247	 	A	H	0.406	1	-0.2	4	-1.7	2	-0.1	-1	-0.3	3	14	-1.018	-0.72	H	-0.591	-1.302	-0.733	1.57	-0.146
3h5z	A	332	 	V	E	0.077	7	-2.8	-244	-0.2	-244	-0.2	6	-0.1	14	15	-1.625	1.873	H	-1.337	-0.279	-0.544	1.242	-1.262	A	339	 	N	S	0.841	7	-2.8	-244	-0.2	-244	-0.2	6	-0.1	1	18	-1.717	-0.614	H	0.945	0.828	1.299	-0.169	0.933
3h5z	A	88	 	F	E	0.147	244	-0.2	-5	-1.5	245	-0.1	2	-0.4	14	18	-2.342	2.521	H	-1.006	-0.59	1.891	-0.397	0.412	A	230	 	I	T	0.047	244	-0.2	-5	-1.5	245	-0.1	2	-0.4	20	6	-1.663	0.052	H	-1.239	-0.547	2.131	0.393	0.816
3h5z	A	260	 	K	-	0.683	98	-0.2	2	-0.5	2	-0.1	98	-0.0	12	10	-1.732	-0.415	H	1.831	-0.561	0.533	-0.277	1.648	A	362	 	D	H	0.0	98	-0.2	2	-0.5	2	-0.1	98	-0.0	21	16	-1.3	-0.464	H	1.05	0.302	-3.656	-0.259	-3.242
3h5z	A	213	 	A	E	0.009	188	-1.2	188	-2.7	197	-0.2	2	-0.3	20	18	-2.725	2.699	H	-0.591	-1.302	-0.733	1.57	-0.146	A	401	 	Y	E	0.023	188	-1.2	188	-2.7	197	-0.2	2	-0.3	20	19	-1.694	2.321	H	0.26	0.83	3.097	-0.838	1.512
3h5z	A	40	 	K	-	0.332	-3	-0.1	2	-0.3	-2	-0.1	3	-0.0	15	3	-2.247	2.894	H	1.831	-0.561	0.533	-0.277	1.648	A	44	 	D	G	0.601	-3	-0.1	2	-0.3	-2	-0.1	3	-0.0	7	7	-1.241	-0.364	H	1.05	0.302	-3.656	-0.259	-3.242
3h5z	A	68	 	D	H	0.27	-3	-0.7	4	-1.9	-6	-0.3	-1	-0.2	10	12	-1.237	-0.809	H	1.05	0.302	-3.656	-0.259	-3.242	A	71	 	A	H	0.274	-3	-0.7	4	-1.9	-6	-0.3	-1	-0.2	18	12	-1.066	-0.714	H	-0.591	-1.302	-0.733	1.57	-0.146
3h5z	A	366	 	V	H	0.07	-4	-2.9	4	-1.9	2	-0.2	-2	-0.2	17	17	-1.045	-0.807	H	-1.337	-0.279	-0.544	1.242	-1.262	A	370	 	R	T	0.423	-4	-2.9	4	-1.9	2	-0.2	-2	-0.2	14	10	-1.471	0.149	H	1.538	-0.055	1.502	0.44	2.897
3h5z	A	113	 	A	E	0.009	-54	-1.8	-54	-2.4	-2	-0.5	2	-0.4	19	25	-2.219	2.709	H	-0.591	-1.302	-0.733	1.57	-0.146	A	124	 	A	E	0.0	-54	-1.8	-54	-2.4	-2	-0.5	2	-0.4	20	25	-2.895	2.723	H	-0.591	-1.302	-0.733	1.57	-0.146
3h5z	A	250	 	K	H	0.473	-4	-2.5	4	-0.7	1	-0.2	3	-0.2	7	14	-1.008	-0.836	H	1.831	-0.561	0.533	-0.277	1.648	A	253	 	Y	H	0.221	-4	-2.5	4	-0.7	1	-0.2	3	-0.2	18	10	-1.73	0.05	H	0.26	0.83	3.097	-0.838	1.512
3h5z	A	116	 	R	E	0.423	5	-2.4	4	-2.2	-2	-0.3	5	-0.4	8	13	-1.337	2.259	H	1.538	-0.055	1.502	0.44	2.897	A	121	 	K	-	0.341	5	-2.4	4	-2.2	-2	-0.3	5	-0.4	7	15	-1.173	2.201	H	1.831	-0.561	0.533	-0.277	1.648
3h5z	A	90	 	F	E	0.203	-9	-2.4	-10	-0.3	-2	-0.4	240	-0.3	14	18	-1.044	2.454	H	-1.006	-0.59	1.891	-0.397	0.412	A	345	 	Y	E	0.095	-9	-2.4	-10	-0.3	-2	-0.4	240	-0.3	13	23	-1.986	2.255	H	0.26	0.83	3.097	-0.838	1.512
3h5z	A	335	 	N	-	0.255	-248	-0.2	3	-0.2	3	-0.1	-3	-0.1	16	4	-1.283	2.366	H	0.945	0.828	1.299	-0.169	0.933	A	338	 	Y	-	0.392	-248	-0.2	3	-0.2	3	-0.1	-3	-0.1	16	5	-2.393	2.522	H	0.26	0.83	3.097	-0.838	1.512
3h5z	A	324	 	S	E	0.008	24	-1.5	23	-2.5	-2	-0.3	2	-0.3	18	24	-2.456	2.661	H	-0.228	1.399	-4.76	0.67	-2.647	A	347	 	H	E	0.016	24	-1.5	23	-2.5	-2	-0.3	2	-0.3	16	20	-1.928	-2.431	H	0.336	-0.417	-1.673	-1.474	-0.078
3h5z	A	261	 	N	S	0.089	97	-0.1	3	-1.6	98	-0.1	2	-0.1	23	5	-1.47	2.201	H	0.945	0.828	1.299	-0.169	0.933	A	358	 	Q	H	0.389	97	-0.1	3	-1.6	98	-0.1	2	-0.1	11	17	-1.253	-0.633	H	0.931	-0.179	-3.005	-0.503	-1.853
3h5z	A	82	 	E	B	0.232	7	-0.2	7	-0.2	-3	-0.1	-1	-0.0	16	6	-2.406	2.748	H	1.357	-1.453	1.477	0.113	-0.837	A	86	 	S	S	0.454	7	-0.2	7	-0.2	-3	-0.1	-1	-0.0	4	16	0.783	0.901	L	-0.228	1.399	-4.76	0.67	-2.647
3h5z	A	292	 	F	-	0.046	-2	-0.5	-12	-0.1	-16	-0.1	2	-0.1	23	12	-1.957	2.341	H	-1.006	-0.59	1.891	-0.397	0.412	A	296	 	E	H	0.129	-2	-0.5	-12	-0.1	-16	-0.1	2	-0.1	10	16	-1.321	-0.608	H	1.357	-1.453	1.477	0.113	-0.837
3h5z	A	322	 	F	E	0.0	28	-2.4	28	-2.3	-2	-0.3	2	-0.3	25	22	-2.774	2.773	H	-1.006	-0.59	1.891	-0.397	0.412	A	349	 	Y	E	0.009	28	-2.4	28	-2.3	-2	-0.3	2	-0.3	18	23	-2.77	2.936	H	0.26	0.83	3.097	-0.838	1.512
3h5z	A	71	 	A	H	0.274	-4	-1.9	4	-1.8	2	-0.2	-1	-0.2	18	12	-1.066	-0.714	H	-0.591	-1.302	-0.733	1.57	-0.146	A	74	 	E	H	0.392	-4	-1.9	4	-1.8	2	-0.2	-1	-0.2	7	19	-1.25	-0.627	H	1.357	-1.453	1.477	0.113	-0.837
3h5z	A	80	 	Y	S	0.131	-4	-2.4	90	-0.1	10	-0.3	-4	-0.0	16	15	-1.499	-2.778	H	0.26	0.83	3.097	-0.838	1.512	A	167	 	N	E	0.185	-4	-2.4	90	-0.1	10	-0.3	-4	-0.0	10	21	-2.787	2.891	H	0.945	0.828	1.299	-0.169	0.933
3h5z	A	187	 	E	H	0.0	-4	-2.4	4	-2.5	2	-0.2	5	-0.2	21	14	-1.274	-0.685	H	1.357	-1.453	1.477	0.113	-0.837	A	190	 	R	H	0.125	-4	-2.4	4	-2.5	2	-0.2	5	-0.2	13	19	-1.047	-0.864	H	1.538	-0.055	1.502	0.44	2.897
3h5z	A	190	 	R	H	0.125	-4	-1.9	4	-2.3	2	-0.2	-1	-0.2	13	19	-1.047	-0.864	H	1.538	-0.055	1.502	0.44	2.897	A	193	 	N	H	0.115	-4	-1.9	4	-2.3	2	-0.2	-1	-0.2	16	14	-1.103	-0.523	H	0.945	0.828	1.299	-0.169	0.933
3h5z	A	326	 	Y	E	0.059	19	-2.1	19	-2.8	-2	-0.3	2	-0.5	18	22	-2.11	2.728	H	0.26	0.83	3.097	-0.838	1.512	A	420	 	M	-	0.085	19	-2.1	19	-2.8	-2	-0.3	2	-0.5	15	16	-1.838	2.211	H	-0.663	-1.524	2.219	-1.005	1.212
3h5z	A	313	 	V	E	0.021	8	-2.6	7	-2.2	-2	-0.3	8	-1.0	19	18	-1.717	1.959	H	-1.337	-0.279	-0.544	1.242	-1.262	A	319	 	V	E	0.056	8	-2.6	7	-2.2	-2	-0.3	8	-1.0	19	14	-1.467	2.089	H	-1.337	-0.279	-0.544	1.242	-1.262
3h5z	A	79	 	N	H	0.045	-4	-1.7	92	-0.3	-5	-0.2	-3	-0.2	18	13	-2.41	0.016	H	0.945	0.828	1.299	-0.169	0.933	A	173	 	K	G	0.439	-4	-1.7	92	-0.3	-5	-0.2	-3	-0.2	8	12	-0.934	-0.549	H	1.831	-0.561	0.533	-0.277	1.648
3h5z	A	92	 	Y	-	0.059	236	-0.2	-15	-0.1	1	-0.1	236	-0.1	20	18	-0.861	2.316	H	0.26	0.83	3.097	-0.838	1.512	A	96	 	F	H	0.0	236	-0.2	-15	-0.1	1	-0.1	236	-0.1	12	18	-1.093	-0.786	H	-1.006	-0.59	1.891	-0.397	0.412
3h5z	A	303	 	P	-	0.309	0	0.0	2	-0.4	0	0.0	6	-0.2	12	17	-1.002	2.405	H	0.189	2.081	-1.628	0.421	-1.392	A	308	 	V	E	0.007	0	0.0	2	-0.4	0	0.0	6	-0.2	18	17	-2.338	2.355	H	-1.337	-0.279	-0.544	1.242	-1.262
3h5z	A	125	 	F	E	0.0	45	-2.3	45	-2.5	-2	-0.3	2	-0.3	18	22	-2.639	2.717	H	-1.006	-0.59	1.891	-0.397	0.412	A	168	 	F	E	0.005	45	-2.3	45	-2.5	-2	-0.3	2	-0.3	21	17	1.166	0.414	L	-1.006	-0.59	1.891	-0.397	0.412
