pdb_id	s_ch	s_resi	s_ins	s_resn	s_ss8	s_rsa	s_nh_relidix	s_nh_energy	s_o_relidx	s_o_energy	s_nh2_relidx	s_nh2_energy	s_o2_relidx	s_o2_energy	s_up	s_down	s_phi	s_psi	s_ss3	s_a1	s_a2	s_a3	s_a4	s_a5	t_ch	t_resi	t_ins	t_resn	t_ss8	t_rsa	t_nh_relidix	t_nh_energy	t_o_relidx	t_o_energy	t_nh2_relidx	t_nh2_energy	t_o2_relidx	t_o2_energy	t_up	t_down	t_phi	t_psi	t_ss3	t_a1	t_a2	t_a3	t_a4	t_a5
3lhs	A	78	 	I	E	0.0	21	-1.8	23	-2.2	-2	-0.3	2	-1.4	21	24	-2.416	2.364	H	-1.239	-0.547	2.131	0.393	0.816	A	101	 	V	-	0.007	21	-1.8	23	-2.2	-2	-0.3	2	-1.4	23	10	-1.952	0.425	H	-1.337	-0.279	-0.544	1.242	-1.262
3lhs	A	299	 	R	H	0.331	-35	-2.5	4	-1.8	-2	-0.5	5	-1.7	11	19	-1.12	-0.569	H	1.538	-0.055	1.502	0.44	2.897	A	303	 	A	I	0.16	-35	-2.5	4	-1.8	-2	-0.5	5	-1.7	16	24	-1.79	-0.712	H	-0.591	-1.302	-0.733	1.57	-0.146
3lhs	A	44	 	E	T	0.49	98	-2.9	99	-0.1	1	-0.3	3	-0.1	18	9	-1.272	-0.203	H	1.357	-1.453	1.477	0.113	-0.837	A	142	 	S	E	0.023	98	-2.9	99	-0.1	1	-0.3	3	-0.1	16	22	-1.964	1.893	H	-0.228	1.399	-4.76	0.67	-2.647
3lhs	A	153	 	N	H	0.07	-4	-2.0	4	-1.9	2	-0.2	-1	-0.2	24	13	-1.155	-0.632	H	0.945	0.828	1.299	-0.169	0.933	A	156	 	S	H	0.046	-4	-2.0	4	-1.9	2	-0.2	-1	-0.2	27	14	-1.148	-0.738	H	-0.228	1.399	-4.76	0.67	-2.647
3lhs	A	72	 	D	T	0.748	-3	-1.6	2	-0.4	1	-0.2	-3	-0.2	4	17	1.123	0.607	L	1.05	0.302	-3.656	-0.259	-3.242	A	94	 	K	H	0.439	-3	-1.6	2	-0.4	1	-0.2	-3	-0.2	16	7	-1.155	-0.74	H	1.831	-0.561	0.533	-0.277	1.648
3lhs	A	269	 	K	S	0.644	-2	-0.3	9	-0.1	-3	-0.1	-1	-0.1	9	17	-2.154	0.254	H	1.831	-0.561	0.533	-0.277	1.648	A	278	 	Q	H	0.288	-2	-0.3	9	-0.1	-3	-0.1	-1	-0.1	10	16	-1.167	-0.428	H	0.931	-0.179	-3.005	-0.503	-1.853
3lhs	A	306	 	R	-	0.077	-5	-0.5	2	-0.2	1	-0.2	-1	-0.1	24	20	0.988	0.61	L	1.538	-0.055	1.502	0.44	2.897	A	310	 	S	H	0.0	-5	-0.5	2	-0.2	1	-0.2	-1	-0.1	26	13	-1.124	-0.719	H	-0.228	1.399	-4.76	0.67	-2.647
3lhs	A	316	 	K	H	0.376	-4	-2.5	4	-2.3	1	-0.2	-1	-0.2	7	20	-1.062	-0.73	H	1.831	-0.561	0.533	-0.277	1.648	A	319	 	V	H	0.106	-4	-2.5	4	-2.3	1	-0.2	-1	-0.2	12	11	-0.995	-0.905	H	-1.337	-0.279	-0.544	1.242	-1.262
3lhs	A	134	 	L	H	0.0	-4	-2.9	4	-2.1	1	-0.2	3	-1.1	20	13	-1.077	-0.678	H	-1.019	-0.987	-1.505	1.266	-0.912	A	140	 	T	E	0.014	-4	-2.9	4	-2.1	1	-0.2	3	-1.1	19	23	-2.256	2.207	H	-0.032	0.326	2.213	0.908	1.313
3lhs	A	265	 	D	G	0.374	-2	-0.3	3	-1.6	1	-0.3	33	-0.1	5	18	-1.018	2.255	H	1.05	0.302	-3.656	-0.259	-3.242	A	304	 	R	I	0.097	-2	-0.3	3	-1.6	1	-0.3	33	-0.1	17	19	-1.604	-0.513	H	1.538	-0.055	1.502	0.44	2.897
3lhs	A	215	 	V	H	0.007	1	-0.2	4	-2.5	2	-0.2	5	-0.2	20	24	-1.199	-0.716	H	-1.337	-0.279	-0.544	1.242	-1.262	A	218	 	F	H	0.0	1	-0.2	4	-2.5	2	-0.2	5	-0.2	24	17	-1.148	-0.638	H	-1.006	-0.59	1.891	-0.397	0.412
3lhs	A	213	 	S	S	0.092	-3	-1.7	4	-2.8	-64	-0.1	-63	-0.4	20	14	-1.171	2.958	H	-0.228	1.399	-4.76	0.67	-2.647	A	216	 	G	H	0.0	-3	-1.7	4	-2.8	-64	-0.1	-63	-0.4	17	20	-1.044	-0.766	H	-0.384	1.652	1.33	1.045	2.064
3lhs	A	181	 	I	H	0.041	-4	-3.0	4	-2.8	1	-0.2	-2	-0.2	17	15	-0.997	-0.743	H	-1.239	-0.547	2.131	0.393	0.816	A	185	 	K	H	0.341	-4	-3.0	4	-2.8	1	-0.2	-2	-0.2	12	19	-0.912	-0.828	H	1.831	-0.561	0.533	-0.277	1.648
3lhs	A	111	 	E	H	0.289	2	-0.2	4	-1.3	-3	-0.2	-2	-0.2	14	10	-1.25	-0.621	H	1.357	-1.453	1.477	0.113	-0.837	A	115	 	L	T	0.146	2	-0.2	4	-1.3	-3	-0.2	-2	-0.2	22	4	-1.25	-0.24	H	-1.019	-0.987	-1.505	1.266	-0.912
3lhs	A	287	 	N	H	0.28	1	-0.2	4	-1.6	2	-0.2	-1	-0.1	13	12	-0.942	-0.774	H	0.945	0.828	1.299	-0.169	0.933	A	293	 	R	-	0.165	1	-0.2	4	-1.6	2	-0.2	-1	-0.1	16	13	-2.197	0.609	H	1.538	-0.055	1.502	0.44	2.897
3lhs	A	39	 	I	E	0.142	11	-2.6	11	-2.9	-2	-0.3	2	-0.4	16	8	-1.937	2.157	H	-1.239	-0.547	2.131	0.393	0.816	A	48	 	V	E	0.127	11	-2.6	11	-2.9	-2	-0.3	2	-0.4	21	6	-2.202	2.348	H	-1.337	-0.279	-0.544	1.242	-1.262
3lhs	A	89	 	K	H	0.512	1	-0.2	4	-2.6	2	-0.2	5	-0.2	1	21	-0.843	-0.85	H	1.831	-0.561	0.533	-0.277	1.648	A	92	 	R	H	0.129	1	-0.2	4	-2.6	2	-0.2	5	-0.2	10	19	-1.027	-0.69	H	1.538	-0.055	1.502	0.44	2.897
3lhs	A	104	 	R	S	0.052	1	-0.2	19	-0.1	2	-0.2	-1	-0.1	18	16	-1.142	-0.616	H	1.538	-0.055	1.502	0.44	2.897	A	107	 	P	B	0.088	1	-0.2	19	-0.1	2	-0.2	-1	-0.1	25	9	-1.029	2.612	H	0.189	2.081	-1.628	0.421	-1.392
3lhs	A	91	 	V	H	0.035	-3	-0.9	4	-2.6	2	-0.2	5	-0.2	23	11	-1.21	-0.835	H	-1.337	-0.279	-0.544	1.242	-1.262	A	94	 	K	H	0.439	-3	-0.9	4	-2.6	2	-0.2	5	-0.2	16	7	-1.155	-0.74	H	1.831	-0.561	0.533	-0.277	1.648
3lhs	A	128	 	K	T	0.644	-3	-0.7	3	-0.8	1	-0.2	4	-0.4	5	17	-1.047	-0.719	H	1.831	-0.561	0.533	-0.277	1.648	A	131	 	N	H	0.229	-3	-0.7	3	-0.8	1	-0.2	4	-0.4	13	16	-1.012	-0.75	H	0.945	0.828	1.299	-0.169	0.933
3lhs	A	91	 	V	H	0.035	-3	-0.9	4	-2.6	2	-0.2	5	-0.2	23	11	-1.21	-0.835	H	-1.337	-0.279	-0.544	1.242	-1.262	A	95	 	I	H	0.024	-3	-0.9	4	-2.6	2	-0.2	5	-0.2	21	6	-1.172	-0.724	H	-1.239	-0.547	2.131	0.393	0.816
3lhs	A	302	 	W	I	0.0	-4	-2.8	-3	-0.2	3	-0.1	-2	-0.2	24	20	-1.423	-0.712	H	-0.595	0.009	0.672	-2.128	-0.184	A	314	 	M	H	0.0	-4	-2.8	-3	-0.2	3	-0.1	-2	-0.2	20	16	-1.128	-0.749	H	-0.663	-1.524	2.219	-1.005	1.212
3lhs	A	259	 	R	E	0.04	-64	-2.3	-62	-2.0	2	-0.0	2	-0.4	14	21	-2.36	2.501	H	1.538	-0.055	1.502	0.44	2.897	A	293	 	R	-	0.165	-64	-2.3	-62	-2.0	2	-0.0	2	-0.4	16	13	-2.197	0.609	H	1.538	-0.055	1.502	0.44	2.897
3lhs	A	277	 	L	H	0.024	-4	-1.6	3	-1.0	-5	-0.2	-2	-0.2	18	10	-1.084	-0.868	H	-1.019	-0.987	-1.505	1.266	-0.912	A	280	 	D	-	0.344	-4	-1.6	3	-1.0	-5	-0.2	-2	-0.2	17	4	-1.21	2.429	H	1.05	0.302	-3.656	-0.259	-3.242
3lhs	A	171	 	E	H	0.644	-4	-2.2	4	-2.2	2	-0.2	-2	-0.2	5	18	-1.148	-0.762	H	1.357	-1.453	1.477	0.113	-0.837	A	175	 	A	H	0.594	-4	-2.2	4	-2.2	2	-0.2	-2	-0.2	5	12	-1.131	-0.767	H	-0.591	-1.302	-0.733	1.57	-0.146
3lhs	A	191	 	D	-	0.497	1	-0.2	3	-1.9	2	-0.1	-1	-0.1	6	15	-1.124	2.035	H	1.05	0.302	-3.656	-0.259	-3.242	A	194	 	Q	S	0.192	1	-0.2	3	-1.9	2	-0.1	-1	-0.1	11	12	-1.464	1.877	H	0.931	-0.179	-3.005	-0.503	-1.853
3lhs	A	199	 	A	E	0.0	62	-2.3	64	-3.0	-2	-0.4	9	-0.2	19	23	-2.738	2.762	H	-0.591	-1.302	-0.733	1.57	-0.146	A	263	 	M	E	0.0	62	-2.3	64	-3.0	-2	-0.4	9	-0.2	15	18	-1.55	2.061	H	-0.663	-1.524	2.219	-1.005	1.212
3lhs	A	172	 	K	H	0.81	-4	-2.5	4	-2.4	1	-0.2	-2	-0.2	6	11	-1.078	-0.831	H	1.831	-0.561	0.533	-0.277	1.648	A	176	 	E	H	0.619	-4	-2.5	4	-2.4	1	-0.2	-2	-0.2	8	10	-1.05	-0.814	H	1.357	-1.453	1.477	0.113	-0.837
3lhs	A	66	 	D	H	0.049	-4	-2.3	4	-2.6	239	-0.2	-2	-0.2	24	21	-1.06	-0.739	H	1.05	0.302	-3.656	-0.259	-3.242	A	309	 	I	H	0.213	-4	-2.3	4	-2.6	239	-0.2	-2	-0.2	18	19	-1.125	-0.792	H	-1.239	-0.547	2.131	0.393	0.816
3lhs	A	158	 	K	H	0.551	-4	-2.1	4	-2.4	1	-0.2	-2	-0.2	9	26	-1.098	-0.669	H	1.831	-0.561	0.533	-0.277	1.648	A	161	 	A	H	0.028	-4	-2.1	4	-2.4	1	-0.2	-2	-0.2	18	15	-1.018	-0.773	H	-0.591	-1.302	-0.733	1.57	-0.146
3lhs	A	58	 	V	E	0.0	61	-2.2	63	-2.9	-2	-0.4	2	-0.4	26	20	-1.746	2.337	H	-1.337	-0.279	-0.544	1.242	-1.262	A	119	 	L	E	0.006	61	-2.2	63	-2.9	-2	-0.4	2	-0.4	19	19	-2.749	2.501	H	-1.019	-0.987	-1.505	1.266	-0.912
3lhs	A	149	 	D	-	0.184	-2	-0.3	4	-2.0	64	-0.1	65	-0.2	13	18	-1.443	-2.982	H	1.05	0.302	-3.656	-0.259	-3.242	A	153	 	N	H	0.07	-2	-0.3	4	-2.0	64	-0.1	65	-0.2	24	13	-1.155	-0.632	H	0.945	0.828	1.299	-0.169	0.933
3lhs	A	312	 	E	H	0.082	-4	-2.0	4	-2.5	1	-0.2	-1	-0.2	12	21	-1.042	-0.767	H	1.357	-1.453	1.477	0.113	-0.837	A	316	 	K	H	0.376	-4	-2.0	4	-2.5	1	-0.2	-1	-0.2	7	20	-1.062	-0.73	H	1.831	-0.561	0.533	-0.277	1.648
3lhs	A	258	 	E	S	0.304	-63	-0.3	2	-0.4	1	-0.1	-62	-0.2	9	25	-1.158	-0.534	H	1.357	-1.453	1.477	0.113	-0.837	A	287	 	N	H	0.28	-63	-0.3	2	-0.4	1	-0.1	-62	-0.2	13	12	-0.942	-0.774	H	0.945	0.828	1.299	-0.169	0.933
3lhs	A	274	 	F	H	0.0	1	-0.2	4	-3.0	2	-0.2	-2	-0.2	13	16	-1.138	-0.662	H	-1.006	-0.59	1.891	-0.397	0.412	A	277	 	L	H	0.024	1	-0.2	4	-3.0	2	-0.2	-2	-0.2	18	10	-1.084	-0.868	H	-1.019	-0.987	-1.505	1.266	-0.912
3lhs	A	92	 	R	H	0.129	-4	-2.8	4	-1.9	1	-0.2	-1	-0.2	10	19	-1.027	-0.69	H	1.538	-0.055	1.502	0.44	2.897	A	96	 	G	-	0.369	-4	-2.8	4	-1.9	1	-0.2	-1	-0.2	3	18	1.187	-2.552	L	-0.384	1.652	1.33	1.045	2.064
3lhs	A	194	 	Q	S	0.192	-3	-1.9	31	-0.4	64	-0.1	33	-0.1	11	12	-1.464	1.877	H	0.931	-0.179	-3.005	-0.503	-1.853	A	293	 	R	-	0.165	-3	-1.9	31	-0.4	64	-0.1	33	-0.1	16	13	-2.197	0.609	H	1.538	-0.055	1.502	0.44	2.897
3lhs	A	57	 	I	E	0.006	-2	-0.7	19	-1.7	17	-0.3	20	-1.1	22	20	-2.201	2.323	H	-1.239	-0.547	2.131	0.393	0.816	A	76	 	V	S	0.204	-2	-0.7	19	-1.7	17	-0.3	20	-1.1	14	20	-1.514	-0.373	H	-1.337	-0.279	-0.544	1.242	-1.262
3lhs	A	66	 	D	H	0.049	-4	-2.3	4	-2.6	239	-0.2	-2	-0.2	24	21	-1.06	-0.739	H	1.05	0.302	-3.656	-0.259	-3.242	A	69	 	A	H	0.057	-4	-2.3	4	-2.6	239	-0.2	-2	-0.2	19	16	-1.103	-0.688	H	-0.591	-1.302	-0.733	1.57	-0.146
3lhs	A	155	 	N	H	0.529	-4	-2.4	4	-2.1	1	-0.2	-2	-0.2	11	18	-1.074	-0.641	H	0.945	0.828	1.299	-0.169	0.933	A	158	 	K	H	0.551	-4	-2.4	4	-2.1	1	-0.2	-2	-0.2	9	26	-1.098	-0.669	H	1.831	-0.561	0.533	-0.277	1.648
3lhs	A	150	 	Y	H	0.045	63	-0.4	4	-2.0	64	-0.2	5	-0.1	17	17	-1.077	-0.83	H	0.26	0.83	3.097	-0.838	1.512	A	218	 	F	H	0.0	63	-0.4	4	-2.0	64	-0.2	5	-0.1	24	17	-1.148	-0.638	H	-1.006	-0.59	1.891	-0.397	0.412
3lhs	A	169	 	E	H	0.485	1	-0.2	4	-2.6	2	-0.2	-1	-0.2	14	10	-1.093	-0.711	H	1.357	-1.453	1.477	0.113	-0.837	A	173	 	R	H	0.109	1	-0.2	4	-2.6	2	-0.2	-1	-0.2	18	9	-1.089	-0.691	H	1.538	-0.055	1.502	0.44	2.897
3lhs	A	313	 	E	H	0.366	-4	-2.5	4	-2.2	2	-0.2	-2	-0.2	15	13	-1.135	-0.656	H	1.357	-1.453	1.477	0.113	-0.837	A	316	 	K	H	0.376	-4	-2.5	4	-2.2	2	-0.2	-2	-0.2	7	20	-1.062	-0.73	H	1.831	-0.561	0.533	-0.277	1.648
3lhs	A	213	 	S	S	0.092	-3	-1.7	4	-2.8	-64	-0.1	-63	-0.4	20	14	-1.171	2.958	H	-0.228	1.399	-4.76	0.67	-2.647	A	217	 	Q	H	0.172	-3	-1.7	4	-2.8	-64	-0.1	-63	-0.4	11	20	-1.205	-0.668	H	0.931	-0.179	-3.005	-0.503	-1.853
3lhs	A	80	 	D	-	0.037	-2	-1.4	3	-2.6	22	-0.1	6	-0.3	16	19	-1.848	0.264	H	1.05	0.302	-3.656	-0.259	-3.242	A	98	 	Y	-	0.113	-2	-1.4	3	-2.6	22	-0.1	6	-0.3	25	4	-2.712	2.988	H	0.26	0.83	3.097	-0.838	1.512
3lhs	A	59	 	V	E	0.0	18	-2.4	20	-1.9	-2	-0.4	63	-0.2	19	29	-2.126	2.489	H	-1.337	-0.279	-0.544	1.242	-1.262	A	77	 	G	E	0.0	18	-2.4	20	-1.9	-2	-0.4	63	-0.2	26	20	-2.52	2.548	H	-0.384	1.652	1.33	1.045	2.064
3lhs	A	217	 	Q	H	0.172	-4	-2.8	4	-2.2	2	-0.2	-1	-0.2	11	20	-1.205	-0.668	H	0.931	-0.179	-3.005	-0.503	-1.853	A	220	 	N	H	0.58	-4	-2.8	4	-2.2	2	-0.2	-1	-0.2	15	15	-1.091	-0.672	H	0.945	0.828	1.299	-0.169	0.933
3lhs	A	212	 	Y	T	0.491	31	-0.1	-1	-0.3	4	-0.1	-3	-0.0	6	24	-1.716	-0.044	H	0.26	0.83	3.097	-0.838	1.512	A	243	 	P	T	0.507	31	-0.1	-1	-0.3	4	-0.1	-3	-0.0	12	12	-1.548	-0.057	H	0.189	2.081	-1.628	0.421	-1.392
3lhs	A	119	 	L	E	0.006	-63	-1.2	-61	-2.2	19	-0.1	2	-0.4	19	19	-2.749	2.501	H	-1.019	-0.987	-1.505	1.266	-0.912	A	139	 	P	-	0.331	-63	-1.2	-61	-2.2	19	-0.1	2	-0.4	18	18	-0.888	2.349	H	0.189	2.081	-1.628	0.421	-1.392
3lhs	A	144	 	K	-	0.195	-2	-0.3	12	-0.2	-21	-0.2	-21	-0.0	14	25	-1.256	2.389	H	1.831	-0.561	0.533	-0.277	1.648	A	156	 	S	H	0.046	-2	-0.3	12	-0.2	-21	-0.2	-21	-0.0	27	14	-1.148	-0.738	H	-0.228	1.399	-4.76	0.67	-2.647
3lhs	A	199	 	A	E	0.0	62	-2.3	64	-3.0	-2	-0.4	9	-0.2	19	23	-2.738	2.762	H	-0.591	-1.302	-0.733	1.57	-0.146	A	262	 	I	E	0.0	62	-2.3	64	-3.0	-2	-0.4	9	-0.2	17	19	-1.937	1.902	H	-1.239	-0.547	2.131	0.393	0.816
3lhs	A	50	 	V	E	0.0	-11	-2.9	-11	-2.6	-2	-0.8	69	-0.1	21	12	-1.66	2.172	H	-1.337	-0.279	-0.544	1.242	-1.262	A	163	 	A	H	0.019	-11	-2.9	-11	-2.6	-2	-0.8	69	-0.1	25	15	-1.05	-0.526	H	-0.591	-1.302	-0.733	1.57	-0.146
3lhs	A	109	 	L	H	0.177	-2	-1.0	4	-2.7	1	-0.2	-1	-0.2	13	22	-1.243	-0.407	H	-1.019	-0.987	-1.505	1.266	-0.912	A	113	 	S	H	0.415	-2	-1.0	4	-2.7	1	-0.2	-1	-0.2	8	18	-1.059	-0.74	H	-0.228	1.399	-4.76	0.67	-2.647
3lhs	A	177	 	H	H	0.0	-4	-2.5	4	-3.0	2	-0.2	5	-0.2	14	10	-0.991	-0.866	H	0.336	-0.417	-1.673	-1.474	-0.078	A	311	 	S	H	0.0	-4	-2.5	4	-3.0	2	-0.2	5	-0.2	22	17	-1.159	-0.641	H	-0.228	1.399	-4.76	0.67	-2.647
3lhs	A	150	 	Y	H	0.045	63	-0.4	4	-2.0	64	-0.2	5	-0.1	17	17	-1.077	-0.83	H	0.26	0.83	3.097	-0.838	1.512	A	177	 	H	H	0.0	63	-0.4	4	-2.0	64	-0.2	5	-0.1	14	10	-0.991	-0.866	H	0.336	-0.417	-1.673	-1.474	-0.078
3lhs	A	219	 	L	H	0.0	-4	-2.5	5	-2.4	1	-0.2	3	-0.3	21	18	-1.118	-0.665	H	-1.019	-0.987	-1.505	1.266	-0.912	A	222	 	L	T	0.0	-4	-2.5	5	-2.4	1	-0.2	3	-0.3	27	7	-1.503	0.142	H	-1.019	-0.987	-1.505	1.266	-0.912
3lhs	A	184	 	Y	H	0.176	-4	-2.7	4	-1.4	1	-0.2	3	-0.5	18	11	-1.145	-0.685	H	0.26	0.83	3.097	-0.838	1.512	A	188	 	I	-	0.036	-4	-2.7	4	-1.4	1	-0.2	3	-0.5	17	9	-1.318	2.038	H	-1.239	-0.547	2.131	0.393	0.816
3lhs	A	87	 	I	S	0.024	-3	-1.9	5	-0.2	-4	-0.3	214	-0.1	24	15	-1.459	1.917	H	-1.239	-0.547	2.131	0.393	0.816	A	92	 	R	H	0.129	-3	-1.9	5	-0.2	-4	-0.3	214	-0.1	10	19	-1.027	-0.69	H	1.538	-0.055	1.502	0.44	2.897
3lhs	A	166	 	K	-	0.273	-5	-3.0	4	-2.6	-6	-0.2	-4	-0.2	19	7	-2.212	0.67	H	1.831	-0.561	0.533	-0.277	1.648	A	169	 	E	H	0.485	-5	-3.0	4	-2.6	-6	-0.2	-4	-0.2	14	10	-1.093	-0.711	H	1.357	-1.453	1.477	0.113	-0.837
3lhs	A	151	 	K	H	0.532	1	-0.2	4	-2.4	2	-0.2	-1	-0.2	4	25	-1.185	-0.592	H	1.831	-0.561	0.533	-0.277	1.648	A	155	 	N	H	0.529	1	-0.2	4	-2.4	2	-0.2	-1	-0.2	11	18	-1.074	-0.641	H	0.945	0.828	1.299	-0.169	0.933
3lhs	A	161	 	A	H	0.028	-4	-2.7	5	-3.0	1	-0.2	3	-0.3	18	15	-1.018	-0.773	H	-0.591	-1.302	-0.733	1.57	-0.146	A	165	 	N	T	0.752	-4	-2.7	5	-3.0	1	-0.2	3	-0.3	8	17	1.035	0.677	L	0.945	0.828	1.299	-0.169	0.933
3lhs	A	321	 	L	H	0.201	-4	-2.9	3	-1.1	1	-0.2	-1	-0.2	13	11	-1.069	-0.65	H	-1.019	-0.987	-1.505	1.266	-0.912	A	324	 	K	S	0.605	-4	-2.9	3	-1.1	1	-0.2	-1	-0.2	9	6	-1.12	2.628	H	1.831	-0.561	0.533	-0.277	1.648
3lhs	A	127	 	H	T	0.022	-4	-2.4	4	-0.8	1	-0.2	-1	-0.2	29	7	-2.031	0.398	H	0.336	-0.417	-1.673	-1.474	-0.078	A	130	 	I	T	0.183	-4	-2.4	4	-0.8	1	-0.2	-1	-0.2	16	10	-1.635	-0.012	H	-1.239	-0.547	2.131	0.393	0.816
3lhs	A	130	 	I	T	0.183	1	-0.2	4	-2.9	-3	-0.1	-1	-0.2	16	10	-1.635	-0.012	H	-1.239	-0.547	2.131	0.393	0.816	A	134	 	L	H	0.0	1	-0.2	4	-2.9	-3	-0.1	-1	-0.2	20	13	-1.077	-0.678	H	-1.019	-0.987	-1.505	1.266	-0.912
3lhs	A	313	 	E	H	0.366	-4	-2.5	4	-2.2	2	-0.2	-2	-0.2	15	13	-1.135	-0.656	H	1.357	-1.453	1.477	0.113	-0.837	A	317	 	E	H	0.268	-4	-2.5	4	-2.2	2	-0.2	-2	-0.2	12	15	-1.11	-0.696	H	1.357	-1.453	1.477	0.113	-0.837
3lhs	A	239	 	Y	G	0.252	-3	-2.4	7	-2.5	2	-0.0	-1	-0.3	16	6	-1.669	0.112	H	0.26	0.83	3.097	-0.838	1.512	A	251	 	H	H	0.196	-3	-2.4	7	-2.5	2	-0.0	-1	-0.3	17	11	-1.217	-0.587	H	0.336	-0.417	-1.673	-1.474	-0.078
3lhs	A	113	 	S	H	0.415	-4	-2.7	3	-1.9	1	-0.2	-2	-0.2	8	18	-1.059	-0.74	H	-0.228	1.399	-4.76	0.67	-2.647	A	116	 	K	-	0.741	-4	-2.7	3	-1.9	1	-0.2	-2	-0.2	0	23	0.851	0.866	L	1.831	-0.561	0.533	-0.277	1.648
3lhs	A	67	 	A	H	0.038	-4	-2.2	4	-1.1	1	-0.2	-2	-0.2	25	21	-1.037	-0.836	H	-0.591	-1.302	-0.733	1.57	-0.146	A	70	 	A	H	0.208	-4	-2.2	4	-1.1	1	-0.2	-2	-0.2	22	12	-1.086	-0.495	H	-0.591	-1.302	-0.733	1.57	-0.146
3lhs	A	168	 	K	H	0.81	2	-0.2	4	-2.5	1	-0.2	-1	-0.2	1	15	-1.069	-0.791	H	1.831	-0.561	0.533	-0.277	1.648	A	171	 	E	H	0.644	2	-0.2	4	-2.5	1	-0.2	-1	-0.2	5	18	-1.148	-0.762	H	1.357	-1.453	1.477	0.113	-0.837
3lhs	A	182	 	N	H	0.522	-4	-2.3	4	-2.0	-5	-0.2	-1	-0.2	5	17	-1.183	-0.598	H	0.945	0.828	1.299	-0.169	0.933	A	186	 	D	H	0.834	-4	-2.3	4	-2.0	-5	-0.2	-1	-0.2	4	18	-1.199	-0.41	H	1.05	0.302	-3.656	-0.259	-3.242
3lhs	A	249	 	T	H	0.162	1	-0.2	4	-2.7	2	-0.2	5	-0.2	13	16	-1.132	-0.512	H	-0.032	0.326	2.213	0.908	1.313	A	280	 	D	-	0.344	1	-0.2	4	-2.7	2	-0.2	5	-0.2	17	4	-1.21	2.429	H	1.05	0.302	-3.656	-0.259	-3.242
3lhs	A	257	 	P	-	0.029	0	0.0	31	-0.7	0	0.0	-1	-0.1	20	14	-1.114	2.542	H	0.189	2.081	-1.628	0.421	-1.392	A	288	 	A	H	0.0	0	0.0	31	-0.7	0	0.0	-1	-0.1	19	9	-1.174	-0.621	H	-0.591	-1.302	-0.733	1.57	-0.146
3lhs	A	200	 	V	E	0.099	7	-2.5	7	-3.2	-2	-0.3	2	-0.5	12	27	-1.73	2.867	H	-1.337	-0.279	-0.544	1.242	-1.262	A	207	 	L	E	0.183	7	-2.5	7	-3.2	-2	-0.3	2	-0.5	14	18	-1.782	1.775	H	-1.019	-0.987	-1.505	1.266	-0.912
3lhs	A	88	 	I	-	0.13	-2	-0.8	4	-2.8	212	-0.1	3	-0.9	23	12	-0.874	2.42	H	-1.239	-0.547	2.131	0.393	0.816	A	91	 	V	H	0.035	-2	-0.8	4	-2.8	212	-0.1	3	-0.9	23	11	-1.21	-0.835	H	-1.337	-0.279	-0.544	1.242	-1.262
3lhs	A	251	 	H	H	0.196	2	-0.2	4	-2.4	1	-0.2	-2	-0.2	17	11	-1.217	-0.587	H	0.336	-0.417	-1.673	-1.474	-0.078	A	254	 	D	H	0.877	2	-0.2	4	-2.4	1	-0.2	-2	-0.2	8	13	-1.142	-0.754	H	1.05	0.302	-3.656	-0.259	-3.242
3lhs	A	203	 	K	T	0.717	-2	-0.3	4	-0.1	1	-0.3	45	-0.0	10	10	1.048	-2.146	L	1.831	-0.561	0.533	-0.277	1.648	A	241	 	K	E	0.39	-2	-0.3	4	-0.1	1	-0.3	45	-0.0	9	9	-2.24	1.756	H	1.831	-0.561	0.533	-0.277	1.648
3lhs	A	80	 	D	-	0.037	-2	-1.4	3	-2.6	22	-0.1	6	-0.3	16	19	-1.848	0.264	H	1.05	0.302	-3.656	-0.259	-3.242	A	83	 	K	-	0.527	-2	-1.4	3	-2.6	22	-0.1	6	-0.3	9	10	-2.272	1.534	H	1.831	-0.561	0.533	-0.277	1.648
3lhs	A	151	 	K	H	0.532	1	-0.2	4	-2.4	2	-0.2	-1	-0.2	4	25	-1.185	-0.592	H	1.831	-0.561	0.533	-0.277	1.648	A	217	 	Q	H	0.172	1	-0.2	4	-2.4	2	-0.2	-1	-0.2	11	20	-1.205	-0.668	H	0.931	-0.179	-3.005	-0.503	-1.853
3lhs	A	173	 	R	H	0.109	-4	-2.6	4	-2.5	1	-0.2	-2	-0.2	18	9	-1.089	-0.691	H	1.538	-0.055	1.502	0.44	2.897	A	312	 	E	H	0.082	-4	-2.6	4	-2.5	1	-0.2	-2	-0.2	12	21	-1.042	-0.767	H	1.357	-1.453	1.477	0.113	-0.837
3lhs	A	252	 	L	H	0.0	-4	-2.5	4	-3.7	2	-0.2	-2	-0.2	27	12	-1.022	-0.74	H	-1.019	-0.987	-1.505	1.266	-0.912	A	256	 	N	-	0.408	-4	-2.5	4	-3.7	2	-0.2	-2	-0.2	9	24	0.787	1.027	L	0.945	0.828	1.299	-0.169	0.933
3lhs	A	84	 	K	G	0.488	-2	-0.5	3	-1.9	1	-0.3	-1	-0.1	8	18	-0.899	-0.632	H	1.831	-0.561	0.533	-0.277	1.648	A	92	 	R	H	0.129	-2	-0.5	3	-1.9	1	-0.3	-1	-0.1	10	19	-1.027	-0.69	H	1.538	-0.055	1.502	0.44	2.897
3lhs	A	177	 	H	H	0.0	-4	-2.5	4	-3.0	2	-0.2	5	-0.2	14	10	-0.991	-0.866	H	0.336	-0.417	-1.673	-1.474	-0.078	A	181	 	I	H	0.041	-4	-2.5	4	-3.0	2	-0.2	5	-0.2	17	15	-0.997	-0.743	H	-1.239	-0.547	2.131	0.393	0.816
3lhs	A	56	 	R	-	0.363	60	-0.1	62	-2.7	19	-0.1	63	-1.2	9	19	-1.875	1.924	H	1.538	-0.055	1.502	0.44	2.897	A	118	 	D	S	0.282	60	-0.1	62	-2.7	19	-0.1	63	-1.2	14	20	-1.356	-0.478	H	1.05	0.302	-3.656	-0.259	-3.242
3lhs	A	179	 	K	H	0.834	-4	-2.3	4	-2.0	-5	-0.2	-1	-0.2	5	11	-1.105	-0.754	H	1.831	-0.561	0.533	-0.277	1.648	A	183	 	K	H	0.571	-4	-2.3	4	-2.0	-5	-0.2	-1	-0.2	7	11	-1.12	-0.805	H	1.831	-0.561	0.533	-0.277	1.648
3lhs	A	161	 	A	H	0.028	-4	-2.7	5	-3.0	1	-0.2	3	-0.3	18	15	-1.018	-0.773	H	-0.591	-1.302	-0.733	1.57	-0.146	A	166	 	K	-	0.273	-4	-2.7	5	-3.0	1	-0.2	3	-0.3	19	7	-2.212	0.67	H	1.831	-0.561	0.533	-0.277	1.648
3lhs	A	248	 	D	-	0.356	-2	-0.6	4	-2.5	-43	-0.2	5	-0.2	3	23	-1.369	2.99	H	1.05	0.302	-3.656	-0.259	-3.242	A	251	 	H	H	0.196	-2	-0.6	4	-2.5	-43	-0.2	5	-0.2	17	11	-1.217	-0.587	H	0.336	-0.417	-1.673	-1.474	-0.078
3lhs	A	180	 	L	H	0.226	-4	-2.5	4	-2.7	2	-0.2	5	-0.2	13	10	-1.141	-0.807	H	-1.019	-0.987	-1.505	1.266	-0.912	A	183	 	K	H	0.571	-4	-2.5	4	-2.7	2	-0.2	5	-0.2	7	11	-1.12	-0.805	H	1.831	-0.561	0.533	-0.277	1.648
3lhs	A	192	 	R	T	0.202	-2	-0.5	33	-0.4	1	-0.3	-1	-0.2	10	12	-1.257	-0.14	H	1.538	-0.055	1.502	0.44	2.897	A	223	 	G	T	0.345	-2	-0.5	33	-0.4	1	-0.3	-1	-0.2	13	13	1.517	0.102	L	-0.384	1.652	1.33	1.045	2.064
3lhs	A	299	 	R	H	0.331	-35	-2.5	4	-1.8	-2	-0.5	5	-1.7	11	19	-1.12	-0.569	H	1.538	-0.055	1.502	0.44	2.897	A	304	 	R	I	0.097	-35	-2.5	4	-1.8	-2	-0.5	5	-1.7	17	19	-1.604	-0.513	H	1.538	-0.055	1.502	0.44	2.897
3lhs	A	311	 	S	H	0.0	-4	-2.0	4	-2.3	2	-0.2	-1	-0.2	22	17	-1.159	-0.641	H	-0.228	1.399	-4.76	0.67	-2.647	A	315	 	A	H	0.0	-4	-2.0	4	-2.3	2	-0.2	-1	-0.2	22	16	-1.148	-0.733	H	-0.591	-1.302	-0.733	1.57	-0.146
3lhs	A	231	 	D	H	0.779	2	-0.2	4	-2.0	1	-0.2	-1	-0.2	1	13	-1.164	-0.704	H	1.05	0.302	-3.656	-0.259	-3.242	A	235	 	G	T	0.786	2	-0.2	4	-2.0	1	-0.2	-1	-0.2	8	9	-1.376	-0.055	H	-0.384	1.652	1.33	1.045	2.064
3lhs	A	83	 	K	-	0.527	-3	-2.6	3	-2.1	1	-0.1	4	-0.3	9	10	-2.272	1.534	H	1.831	-0.561	0.533	-0.277	1.648	A	86	 	R	G	0.125	-3	-2.6	3	-2.1	1	-0.1	4	-0.3	19	15	-1.26	-0.316	H	1.538	-0.055	1.502	0.44	2.897
3lhs	A	220	 	N	H	0.58	-4	-2.1	3	-1.9	1	-0.2	-2	-0.2	15	15	-1.091	-0.672	H	0.945	0.828	1.299	-0.169	0.933	A	223	 	G	T	0.345	-4	-2.1	3	-1.9	1	-0.2	-2	-0.2	13	13	1.517	0.102	L	-0.384	1.652	1.33	1.045	2.064
3lhs	A	230	 	D	H	0.675	1	-0.2	4	-2.3	2	-0.2	5	-0.1	0	16	-0.956	-0.777	H	1.05	0.302	-3.656	-0.259	-3.242	A	233	 	T	H	0.07	1	-0.2	4	-2.3	2	-0.2	5	-0.1	15	12	-1.114	-0.675	H	-0.032	0.326	2.213	0.908	1.313
3lhs	A	174	 	L	H	0.098	-4	-2.4	4	-2.9	2	-0.2	-1	-0.2	12	15	-1.247	-0.577	H	-1.019	-0.987	-1.505	1.266	-0.912	A	178	 	D	H	0.479	-4	-2.4	4	-2.9	2	-0.2	-1	-0.2	7	17	-1.138	-0.657	H	1.05	0.302	-3.656	-0.259	-3.242
3lhs	A	211	 	N	T	0.248	17	-0.7	9	-0.2	1	-0.3	18	-0.1	15	19	-1.213	-0.279	H	0.945	0.828	1.299	-0.169	0.933	A	217	 	Q	H	0.172	17	-0.7	9	-0.2	1	-0.3	18	-0.1	11	20	-1.205	-0.668	H	0.931	-0.179	-3.005	-0.503	-1.853
3lhs	A	262	 	I	E	0.0	33	-2.9	35	-2.1	-2	-0.5	2	-0.6	17	19	-1.937	1.902	H	-1.239	-0.547	2.131	0.393	0.816	A	297	 	V	E	0.007	33	-2.9	35	-2.1	-2	-0.5	2	-0.6	17	12	-2.21	2.913	H	-1.337	-0.279	-0.544	1.242	-1.262
3lhs	A	56	 	R	-	0.363	60	-0.1	62	-2.7	19	-0.1	63	-1.2	9	19	-1.875	1.924	H	1.538	-0.055	1.502	0.44	2.897	A	115	 	L	T	0.146	60	-0.1	62	-2.7	19	-0.1	63	-1.2	22	4	-1.25	-0.24	H	-1.019	-0.987	-1.505	1.266	-0.912
3lhs	A	298	 	D	E	0.239	-2	-0.3	4	-2.8	-35	-0.2	5	-0.3	11	17	-1.339	2.101	H	1.05	0.302	-3.656	-0.259	-3.242	A	302	 	W	I	0.0	-2	-0.3	4	-2.8	-35	-0.2	5	-0.3	24	20	-1.423	-0.712	H	-0.595	0.009	0.672	-2.128	-0.184
3lhs	A	56	 	R	-	0.363	60	-0.1	62	-2.7	19	-0.1	63	-1.2	9	19	-1.875	1.924	H	1.538	-0.055	1.502	0.44	2.897	A	116	 	K	-	0.741	60	-0.1	62	-2.7	19	-0.1	63	-1.2	0	23	0.851	0.866	L	1.831	-0.561	0.533	-0.277	1.648
3lhs	A	194	 	Q	S	0.192	-3	-1.9	31	-0.4	64	-0.1	33	-0.1	11	12	-1.464	1.877	H	0.931	-0.179	-3.005	-0.503	-1.853	A	259	 	R	E	0.04	-3	-1.9	31	-0.4	64	-0.1	33	-0.1	14	21	-2.36	2.501	H	1.538	-0.055	1.502	0.44	2.897
3lhs	A	197	 	L	E	0.0	62	-2.0	64	-2.3	-2	-0.4	2	-0.4	24	21	-2.034	1.949	H	-1.019	-0.987	-1.505	1.266	-0.912	A	260	 	M	E	0.0	62	-2.0	64	-2.3	-2	-0.4	2	-0.4	21	20	-2.265	2.48	H	-0.663	-1.524	2.219	-1.005	1.212
3lhs	A	123	 	D	E	0.0	-2	-0.3	4	-2.4	19	-0.2	21	-0.2	19	20	-1.514	2.275	H	1.05	0.302	-3.656	-0.259	-3.242	A	146	 	F	T	0.467	-2	-0.3	4	-2.4	19	-0.2	21	-0.2	11	22	-0.92	-0.733	H	-1.006	-0.59	1.891	-0.397	0.412
3lhs	A	168	 	K	H	0.81	2	-0.2	4	-2.5	1	-0.2	-1	-0.2	1	15	-1.069	-0.791	H	1.831	-0.561	0.533	-0.277	1.648	A	172	 	K	H	0.81	2	-0.2	4	-2.5	1	-0.2	-1	-0.2	6	11	-1.078	-0.831	H	1.831	-0.561	0.533	-0.277	1.648
3lhs	A	258	 	E	S	0.304	-63	-0.3	2	-0.4	1	-0.1	-62	-0.2	9	25	-1.158	-0.534	H	1.357	-1.453	1.477	0.113	-0.837	A	288	 	A	H	0.0	-63	-0.3	2	-0.4	1	-0.1	-62	-0.2	19	9	-1.174	-0.621	H	-0.591	-1.302	-0.733	1.57	-0.146
3lhs	A	120	 	I	E	0.0	19	-2.1	21	-2.9	-2	-0.3	2	-0.6	24	24	-2.102	2.358	H	-1.239	-0.547	2.131	0.393	0.816	A	141	 	L	E	0.0	19	-2.1	21	-2.9	-2	-0.3	2	-0.6	26	18	-1.696	2.302	H	-1.019	-0.987	-1.505	1.266	-0.912
3lhs	A	205	 	G	E	0.0	-3	-1.4	-3	-1.6	1	-0.1	2	-0.4	14	17	-2.329	-2.369	H	-0.384	1.652	1.33	1.045	2.064	A	247	 	L	E	0.0	-3	-1.4	-3	-1.6	1	-0.1	2	-0.4	25	12	-1.899	1.981	H	-1.019	-0.987	-1.505	1.266	-0.912
3lhs	A	151	 	K	H	0.532	1	-0.2	4	-2.4	2	-0.2	-1	-0.2	4	25	-1.185	-0.592	H	1.831	-0.561	0.533	-0.277	1.648	A	221	 	E	H	0.34	1	-0.2	4	-2.4	2	-0.2	-1	-0.2	15	11	-1.064	-0.553	H	1.357	-1.453	1.477	0.113	-0.837
3lhs	A	62	 	Y	H	0.032	-2	-0.3	4	-2.3	242	-0.3	5	-0.2	24	23	-1.139	-0.658	H	0.26	0.83	3.097	-0.838	1.512	A	65	 	A	H	0.0	-2	-0.3	4	-2.3	242	-0.3	5	-0.2	24	26	-1.093	-0.729	H	-0.591	-1.302	-0.733	1.57	-0.146
3lhs	A	272	 	A	H	0.547	1	-0.2	4	-1.7	2	-0.2	5	-0.2	1	16	-1.037	-0.746	H	-0.591	-1.302	-0.733	1.57	-0.146	A	276	 	K	H	0.595	1	-0.2	4	-1.7	2	-0.2	5	-0.2	10	13	-1.192	-0.652	H	1.831	-0.561	0.533	-0.277	1.648
3lhs	A	88	 	I	-	0.13	-2	-0.8	4	-2.8	212	-0.1	3	-0.9	23	12	-0.874	2.42	H	-1.239	-0.547	2.131	0.393	0.816	A	92	 	R	H	0.129	-2	-0.8	4	-2.8	212	-0.1	3	-0.9	10	19	-1.027	-0.69	H	1.538	-0.055	1.502	0.44	2.897
3lhs	A	196	 	V	E	0.0	29	-2.5	31	-3.1	62	-0.2	32	-0.5	23	18	-2.057	2.506	H	-1.337	-0.279	-0.544	1.242	-1.262	A	226	 	N	B	0.108	29	-2.5	31	-3.1	62	-0.2	32	-0.5	21	18	-1.223	2.275	H	0.945	0.828	1.299	-0.169	0.933
3lhs	A	198	 	P	E	0.007	0	0.0	11	-2.5	0	0.0	2	-0.3	19	27	-1.615	2.36	H	0.189	2.081	-1.628	0.421	-1.392	A	261	 	I	E	0.012	0	0.0	11	-2.5	0	0.0	2	-0.3	20	22	-2.108	1.975	H	-1.239	-0.547	2.131	0.393	0.816
3lhs	A	89	 	K	H	0.512	1	-0.2	4	-2.6	2	-0.2	5	-0.2	1	21	-0.843	-0.85	H	1.831	-0.561	0.533	-0.277	1.648	A	93	 	E	H	0.598	1	-0.2	4	-2.6	2	-0.2	5	-0.2	2	15	-1.31	-0.641	H	1.357	-1.453	1.477	0.113	-0.837
3lhs	A	43	 	D	E	0.104	3	-3.0	3	-1.4	-2	-0.5	100	-0.2	19	10	-2.128	-2.888	H	1.05	0.302	-3.656	-0.259	-3.242	A	48	 	V	E	0.127	3	-3.0	3	-1.4	-2	-0.5	100	-0.2	21	6	-2.202	2.348	H	-1.337	-0.279	-0.544	1.242	-1.262
3lhs	A	41	 	V	E	0.035	7	-2.3	7	-2.6	-2	-0.4	2	-0.5	21	8	-2.378	2.768	H	-1.337	-0.279	-0.544	1.242	-1.262	A	47	 	T	E	0.556	7	-2.3	7	-2.6	-2	-0.4	2	-0.5	4	15	-1.445	2.437	H	-0.032	0.326	2.213	0.908	1.313
3lhs	A	66	 	D	H	0.049	-4	-2.3	4	-2.6	239	-0.2	-2	-0.2	24	21	-1.06	-0.739	H	1.05	0.302	-3.656	-0.259	-3.242	A	70	 	A	H	0.208	-4	-2.3	4	-2.6	239	-0.2	-2	-0.2	22	12	-1.086	-0.495	H	-0.591	-1.302	-0.733	1.57	-0.146
3lhs	A	260	 	M	E	0.0	33	-2.7	35	-2.4	-2	-0.4	2	-0.5	21	20	-2.265	2.48	H	-0.663	-1.524	2.219	-1.005	1.212	A	293	 	R	-	0.165	33	-2.7	35	-2.4	-2	-0.4	2	-0.5	16	13	-2.197	0.609	H	1.538	-0.055	1.502	0.44	2.897
3lhs	A	218	 	F	H	0.0	-4	-2.3	4	-1.4	-5	-0.3	-1	-0.2	24	17	-1.148	-0.638	H	-1.006	-0.59	1.891	-0.397	0.412	A	222	 	L	T	0.0	-4	-2.3	4	-1.4	-5	-0.3	-1	-0.2	27	7	-1.503	0.142	H	-1.019	-0.987	-1.505	1.266	-0.912
3lhs	A	59	 	V	E	0.0	18	-2.4	20	-1.9	-2	-0.4	63	-0.2	19	29	-2.126	2.489	H	-1.337	-0.279	-0.544	1.242	-1.262	A	68	 	L	H	0.0	18	-2.4	20	-1.9	-2	-0.4	63	-0.2	22	23	-1.159	-0.681	H	-1.019	-0.987	-1.505	1.266	-0.912
3lhs	A	160	 	I	H	0.006	-4	-2.4	4	-1.5	2	-0.2	-2	-0.2	25	21	-1.075	-0.799	H	-1.239	-0.547	2.131	0.393	0.816	A	164	 	L	T	0.14	-4	-2.4	4	-1.5	2	-0.2	-2	-0.2	20	15	-1.709	0.186	H	-1.019	-0.987	-1.505	1.266	-0.912
3lhs	A	282	 	T	H	0.303	1	-0.2	3	-1.0	2	-0.2	4	-0.5	10	13	-1.312	-0.702	H	-0.032	0.326	2.213	0.908	1.313	A	285	 	K	T	0.659	1	-0.2	3	-1.0	2	-0.2	4	-0.5	8	14	-1.583	-0.111	H	1.831	-0.561	0.533	-0.277	1.648
3lhs	A	101	 	V	-	0.007	-23	-2.2	7	-3.1	1	-0.4	-22	-0.2	23	10	-1.952	0.425	H	-1.337	-0.279	-0.544	1.242	-1.262	A	108	 	N	-	0.401	-23	-2.2	7	-3.1	1	-0.4	-22	-0.2	15	14	-1.493	1.79	H	0.945	0.828	1.299	-0.169	0.933
3lhs	A	55	 	K	-	0.683	-2	-0.4	2	-0.7	1	-0.2	19	-0.2	1	23	-2.275	-0.542	H	1.831	-0.561	0.533	-0.277	1.648	A	118	 	D	S	0.282	-2	-0.4	2	-0.7	1	-0.2	19	-0.2	14	20	-1.356	-0.478	H	1.05	0.302	-3.656	-0.259	-3.242
3lhs	A	249	 	T	H	0.162	1	-0.2	4	-2.7	2	-0.2	5	-0.2	13	16	-1.132	-0.512	H	-0.032	0.326	2.213	0.908	1.313	A	277	 	L	H	0.024	1	-0.2	4	-2.7	2	-0.2	5	-0.2	18	10	-1.084	-0.868	H	-1.019	-0.987	-1.505	1.266	-0.912
3lhs	A	150	 	Y	H	0.045	63	-0.4	4	-2.0	64	-0.2	5	-0.1	17	17	-1.077	-0.83	H	0.26	0.83	3.097	-0.838	1.512	A	154	 	I	H	0.142	63	-0.4	4	-2.0	64	-0.2	5	-0.1	13	22	-1.077	-0.712	H	-1.239	-0.547	2.131	0.393	0.816
3lhs	A	190	 	F	S	0.137	128	-0.2	2	-0.5	1	-0.1	132	-0.1	21	7	-1.04	2.471	H	-1.006	-0.59	1.891	-0.397	0.412	A	322	 	S	H	0.092	128	-0.2	2	-0.5	1	-0.1	132	-0.1	15	10	-1.23	-0.373	H	-0.228	1.399	-4.76	0.67	-2.647
3lhs	A	111	 	E	H	0.289	2	-0.2	4	-1.3	-3	-0.2	-2	-0.2	14	10	-1.25	-0.621	H	1.357	-1.453	1.477	0.113	-0.837	A	114	 	K	H	0.737	2	-0.2	4	-1.3	-3	-0.2	-2	-0.2	8	10	-1.069	-0.556	H	1.831	-0.561	0.533	-0.277	1.648
3lhs	A	61	 	E	S	0.0	60	-0.2	4	-1.3	61	-0.1	3	-0.5	23	24	-2.556	2.745	H	1.357	-1.453	1.477	0.113	-0.837	A	126	 	R	T	0.25	60	-0.2	4	-1.3	61	-0.1	3	-0.5	16	9	-1.237	-0.503	H	1.538	-0.055	1.502	0.44	2.897
3lhs	A	63	 	S	H	0.062	241	-0.3	4	-2.2	1	-0.2	-1	-0.2	25	27	-1.042	-0.606	H	-0.228	1.399	-4.76	0.67	-2.647	A	306	 	R	-	0.077	241	-0.3	4	-2.2	1	-0.2	-1	-0.2	24	20	0.988	0.61	L	1.538	-0.055	1.502	0.44	2.897
3lhs	A	264	 	T	E	0.092	33	-2.7	35	-2.5	-2	-0.6	3	-2.4	15	15	-2.315	2.735	H	-0.032	0.326	2.213	0.908	1.313	A	296	 	I	E	0.207	33	-2.7	35	-2.5	-2	-0.6	3	-2.4	11	22	-1.723	2.156	H	-1.239	-0.547	2.131	0.393	0.816
3lhs	A	303	 	A	I	0.16	-4	-1.8	-3	-0.2	-5	-0.3	-2	-0.1	16	24	-1.79	-0.712	H	-0.591	-1.302	-0.733	1.57	-0.146	A	306	 	R	-	0.077	-4	-1.8	-3	-0.2	-5	-0.3	-2	-0.1	24	20	0.988	0.61	L	1.538	-0.055	1.502	0.44	2.897
3lhs	A	208	 	A	E	0.0	37	-3.1	37	-2.3	-2	-0.7	-9	-0.3	22	22	-1.541	2.45	H	-0.591	-1.302	-0.733	1.57	-0.146	A	244	 	Y	E	0.302	37	-3.1	37	-2.3	-2	-0.7	-9	-0.3	15	16	-1.912	2.771	H	0.26	0.83	3.097	-0.838	1.512
3lhs	A	65	 	A	H	0.0	-4	-1.3	4	-2.3	2	-0.2	-2	-0.2	24	26	-1.093	-0.729	H	-0.591	-1.302	-0.733	1.57	-0.146	A	69	 	A	H	0.057	-4	-1.3	4	-2.3	2	-0.2	-2	-0.2	19	16	-1.103	-0.688	H	-0.591	-1.302	-0.733	1.57	-0.146
3lhs	A	261	 	I	E	0.012	-64	-2.3	-62	-2.3	-2	-0.4	2	-0.6	20	22	-2.108	1.975	H	-1.239	-0.547	2.131	0.393	0.816	A	295	 	D	E	0.178	-64	-2.3	-62	-2.3	-2	-0.4	2	-0.6	14	16	-2.065	2.32	H	1.05	0.302	-3.656	-0.259	-3.242
3lhs	A	59	 	V	E	0.0	18	-2.4	20	-1.9	-2	-0.4	63	-0.2	19	29	-2.126	2.489	H	-1.337	-0.279	-0.544	1.242	-1.262	A	78	 	I	E	0.0	18	-2.4	20	-1.9	-2	-0.4	63	-0.2	21	24	-2.416	2.364	H	-1.239	-0.547	2.131	0.393	0.816
3lhs	A	62	 	Y	H	0.032	-2	-0.3	4	-2.3	242	-0.3	5	-0.2	24	23	-1.139	-0.658	H	0.26	0.83	3.097	-0.838	1.512	A	66	 	D	H	0.049	-2	-0.3	4	-2.3	242	-0.3	5	-0.2	24	21	-1.06	-0.739	H	1.05	0.302	-3.656	-0.259	-3.242
3lhs	A	307	 	G	S	0.06	-6	-0.2	4	-2.0	1	-0.1	5	-0.2	21	25	-1.978	-3.136	H	-0.384	1.652	1.33	1.045	2.064	A	310	 	S	H	0.0	-6	-0.2	4	-2.0	1	-0.1	5	-0.2	26	13	-1.124	-0.719	H	-0.228	1.399	-4.76	0.67	-2.647
3lhs	A	276	 	K	H	0.595	-4	-1.7	4	-0.6	2	-0.2	-1	-0.2	10	13	-1.192	-0.652	H	1.831	-0.561	0.533	-0.277	1.648	A	279	 	E	H	0.649	-4	-1.7	4	-0.6	2	-0.2	-1	-0.2	6	13	-1.555	-0.148	H	1.357	-1.453	1.477	0.113	-0.837
3lhs	A	103	 	T	-	0.38	3	-0.6	-23	-0.1	-22	-0.2	5	-0.0	3	22	-1.41	2.684	H	-0.032	0.326	2.213	0.908	1.313	A	106	 	Q	S	0.702	3	-0.6	-23	-0.1	-22	-0.2	5	-0.0	0	25	-2.404	1.297	H	0.931	-0.179	-3.005	-0.503	-1.853
3lhs	A	81	 	D	T	0.153	21	-2.2	22	-0.2	1	-0.3	-2	-0.1	10	15	1.054	0.328	L	1.05	0.302	-3.656	-0.259	-3.242	A	102	 	G	B	0.274	21	-2.2	22	-0.2	1	-0.3	-2	-0.1	9	17	1.653	-2.65	L	-0.384	1.652	1.33	1.045	2.064
3lhs	A	166	 	K	-	0.273	-5	-3.0	4	-2.6	-6	-0.2	-4	-0.2	19	7	-2.212	0.67	H	1.831	-0.561	0.533	-0.277	1.648	A	170	 	G	H	0.036	-5	-3.0	4	-2.6	-6	-0.2	-4	-0.2	16	14	-1.118	-0.675	H	-0.384	1.652	1.33	1.045	2.064
3lhs	A	123	 	D	E	0.0	-2	-0.3	4	-2.4	19	-0.2	21	-0.2	19	20	-1.514	2.275	H	1.05	0.302	-3.656	-0.259	-3.242	A	145	 	S	S	0.0	-2	-0.3	4	-2.4	19	-0.2	21	-0.2	25	16	-2.577	-1.28	H	-0.228	1.399	-4.76	0.67	-2.647
3lhs	A	68	 	L	H	0.0	-4	-2.3	5	-3.2	1	-0.2	3	-0.3	22	23	-1.159	-0.681	H	-1.019	-0.987	-1.505	1.266	-0.912	A	72	 	D	T	0.748	-4	-2.3	5	-3.2	1	-0.2	3	-0.3	4	17	1.123	0.607	L	1.05	0.302	-3.656	-0.259	-3.242
3lhs	A	108	 	N	-	0.401	-7	-3.1	4	-2.0	1	-0.2	3	-0.2	15	14	-1.493	1.79	H	0.945	0.828	1.299	-0.169	0.933	A	111	 	E	H	0.289	-7	-3.1	4	-2.0	1	-0.2	3	-0.2	14	10	-1.25	-0.621	H	1.357	-1.453	1.477	0.113	-0.837
3lhs	A	132	 	K	H	0.727	-4	-0.4	4	-0.8	-3	-0.3	-1	-0.2	1	17	-1.048	-0.777	H	1.831	-0.561	0.533	-0.277	1.648	A	135	 	N	H	0.471	-4	-0.4	4	-0.8	-3	-0.3	-1	-0.2	11	17	-1.256	-0.285	H	0.945	0.828	1.299	-0.169	0.933
3lhs	A	308	 	L	H	0.024	-245	-0.2	4	-2.0	2	-0.2	5	-0.2	23	21	-1.219	-0.806	H	-1.019	-0.987	-1.505	1.266	-0.912	A	311	 	S	H	0.0	-245	-0.2	4	-2.0	2	-0.2	5	-0.2	22	17	-1.159	-0.641	H	-0.228	1.399	-4.76	0.67	-2.647
3lhs	A	288	 	A	H	0.0	-31	-0.7	5	-3.1	1	-0.2	6	-0.2	19	9	-1.174	-0.621	H	-0.591	-1.302	-0.733	1.57	-0.146	A	292	 	N	T	0.822	-31	-0.7	5	-3.1	1	-0.2	6	-0.2	5	16	1.017	0.859	L	0.945	0.828	1.299	-0.169	0.933
3lhs	A	249	 	T	H	0.162	1	-0.2	4	-2.7	2	-0.2	5	-0.2	13	16	-1.132	-0.512	H	-0.032	0.326	2.213	0.908	1.313	A	253	 	A	H	0.349	1	-0.2	4	-2.7	2	-0.2	5	-0.2	9	14	-1.115	-0.694	H	-0.591	-1.302	-0.733	1.57	-0.146
3lhs	A	264	 	T	E	0.092	33	-2.7	35	-2.5	-2	-0.6	3	-2.4	15	15	-2.315	2.735	H	-0.032	0.326	2.213	0.908	1.313	A	268	 	K	-	0.595	33	-2.7	35	-2.5	-2	-0.6	3	-2.4	8	13	-1.648	2.641	H	1.831	-0.561	0.533	-0.277	1.648
3lhs	A	61	 	E	S	0.0	60	-0.2	4	-1.3	61	-0.1	3	-0.5	23	24	-2.556	2.745	H	1.357	-1.453	1.477	0.113	-0.837	A	104	 	R	S	0.052	60	-0.2	4	-1.3	61	-0.1	3	-0.5	18	16	-1.142	-0.616	H	1.538	-0.055	1.502	0.44	2.897
3lhs	A	253	 	A	H	0.349	-4	-2.7	-2	-0.2	1	-0.2	-1	-0.2	9	14	-1.115	-0.694	H	-0.591	-1.302	-0.733	1.57	-0.146	A	256	 	N	-	0.408	-4	-2.7	-2	-0.2	1	-0.2	-1	-0.2	9	24	0.787	1.027	L	0.945	0.828	1.299	-0.169	0.933
3lhs	A	318	 	L	H	0.006	-4	-2.1	4	-2.4	2	-0.2	-129	-0.2	20	14	-1.094	-0.66	H	-1.019	-0.987	-1.505	1.266	-0.912	A	322	 	S	H	0.092	-4	-2.1	4	-2.4	2	-0.2	-129	-0.2	15	10	-1.23	-0.373	H	-0.228	1.399	-4.76	0.67	-2.647
3lhs	A	173	 	R	H	0.109	-4	-2.6	4	-2.5	1	-0.2	-2	-0.2	18	9	-1.089	-0.691	H	1.538	-0.055	1.502	0.44	2.897	A	176	 	E	H	0.619	-4	-2.6	4	-2.5	1	-0.2	-2	-0.2	8	10	-1.05	-0.814	H	1.357	-1.453	1.477	0.113	-0.837
3lhs	A	319	 	V	H	0.106	-4	-2.0	4	-1.1	2	-0.2	-130	-0.3	12	11	-0.995	-0.905	H	-1.337	-0.279	-0.544	1.242	-1.262	A	323	 	K	H	0.483	-4	-2.0	4	-1.1	2	-0.2	-130	-0.3	7	8	-1.704	-0.018	H	1.831	-0.561	0.533	-0.277	1.648
3lhs	A	63	 	S	H	0.062	241	-0.3	4	-2.2	1	-0.2	-1	-0.2	25	27	-1.042	-0.606	H	-0.228	1.399	-4.76	0.67	-2.647	A	67	 	A	H	0.038	241	-0.3	4	-2.2	1	-0.2	-1	-0.2	25	21	-1.037	-0.836	H	-0.591	-1.302	-0.733	1.57	-0.146
3lhs	A	260	 	M	E	0.0	33	-2.7	35	-2.4	-2	-0.4	2	-0.5	21	20	-2.265	2.48	H	-0.663	-1.524	2.219	-1.005	1.212	A	294	 	V	E	0.211	33	-2.7	35	-2.4	-2	-0.4	2	-0.5	13	19	-1.99	2.091	H	-1.337	-0.279	-0.544	1.242	-1.262
3lhs	A	58	 	V	E	0.0	61	-2.2	63	-2.9	-2	-0.4	2	-0.4	26	20	-1.746	2.337	H	-1.337	-0.279	-0.544	1.242	-1.262	A	121	 	I	E	0.0	61	-2.2	63	-2.9	-2	-0.4	2	-0.4	25	27	-1.973	1.986	H	-1.239	-0.547	2.131	0.393	0.816
3lhs	A	300	 	D	I	0.11	-36	-0.3	5	-1.4	3	-0.2	-1	-0.2	14	18	-1.168	-0.752	H	1.05	0.302	-3.656	-0.259	-3.242	A	304	 	R	I	0.097	-36	-0.3	5	-1.4	3	-0.2	-1	-0.2	17	19	-1.604	-0.513	H	1.538	-0.055	1.502	0.44	2.897
3lhs	A	310	 	S	H	0.0	1	-0.2	4	-2.5	2	-0.2	-1	-0.2	26	13	-1.124	-0.719	H	-0.228	1.399	-4.76	0.67	-2.647	A	313	 	E	H	0.366	1	-0.2	4	-2.5	2	-0.2	-1	-0.2	15	13	-1.135	-0.656	H	1.357	-1.453	1.477	0.113	-0.837
3lhs	A	150	 	Y	H	0.045	63	-0.4	4	-2.0	64	-0.2	5	-0.1	17	17	-1.077	-0.83	H	0.26	0.83	3.097	-0.838	1.512	A	153	 	N	H	0.07	63	-0.4	4	-2.0	64	-0.2	5	-0.1	24	13	-1.155	-0.632	H	0.945	0.828	1.299	-0.169	0.933
3lhs	A	207	 	L	E	0.183	-7	-3.2	-7	-2.5	-2	-0.4	39	-0.2	14	18	-1.782	1.775	H	-1.019	-0.987	-1.505	1.266	-0.912	A	246	 	Q	E	0.061	-7	-3.2	-7	-2.5	-2	-0.4	39	-0.2	8	21	-1.447	1.963	H	0.931	-0.179	-3.005	-0.503	-1.853
3lhs	A	62	 	Y	H	0.032	-2	-0.3	4	-2.3	242	-0.3	5	-0.2	24	23	-1.139	-0.658	H	0.26	0.83	3.097	-0.838	1.512	A	104	 	R	S	0.052	-2	-0.3	4	-2.3	242	-0.3	5	-0.2	18	16	-1.142	-0.616	H	1.538	-0.055	1.502	0.44	2.897
3lhs	A	185	 	K	H	0.341	-4	-2.8	3	-0.6	1	-0.3	-1	-0.2	12	19	-0.912	-0.828	H	1.831	-0.561	0.533	-0.277	1.648	A	188	 	I	-	0.036	-4	-2.8	3	-0.6	1	-0.3	-1	-0.2	17	9	-1.318	2.038	H	-1.239	-0.547	2.131	0.393	0.816
3lhs	A	240	 	L	E	0.402	-3	-2.2	2	-0.4	5	-0.2	5	-0.2	8	11	-1.102	2.407	H	-1.019	-0.987	-1.505	1.266	-0.912	A	244	 	Y	E	0.302	-3	-2.2	2	-0.4	5	-0.2	5	-0.2	15	16	-1.912	2.771	H	0.26	0.83	3.097	-0.838	1.512
3lhs	A	177	 	H	H	0.0	-4	-2.5	4	-3.0	2	-0.2	5	-0.2	14	10	-0.991	-0.866	H	0.336	-0.417	-1.673	-1.474	-0.078	A	312	 	E	H	0.082	-4	-2.5	4	-3.0	2	-0.2	5	-0.2	12	21	-1.042	-0.767	H	1.357	-1.453	1.477	0.113	-0.837
3lhs	A	63	 	S	H	0.062	241	-0.3	4	-2.2	1	-0.2	-1	-0.2	25	27	-1.042	-0.606	H	-0.228	1.399	-4.76	0.67	-2.647	A	145	 	S	S	0.0	241	-0.3	4	-2.2	1	-0.2	-1	-0.2	25	16	-2.577	-1.28	H	-0.228	1.399	-4.76	0.67	-2.647
3lhs	A	152	 	Q	H	0.318	2	-0.2	4	-1.9	1	-0.2	-1	-0.2	14	13	-1.217	-0.643	H	0.931	-0.179	-3.005	-0.503	-1.853	A	155	 	N	H	0.529	2	-0.2	4	-1.9	1	-0.2	-1	-0.2	11	18	-1.074	-0.641	H	0.945	0.828	1.299	-0.169	0.933
3lhs	A	178	 	D	H	0.479	-4	-2.9	4	-2.3	1	-0.2	-1	-0.2	7	17	-1.138	-0.657	H	1.05	0.302	-3.656	-0.259	-3.242	A	181	 	I	H	0.041	-4	-2.9	4	-2.3	1	-0.2	-1	-0.2	17	15	-0.997	-0.743	H	-1.239	-0.547	2.131	0.393	0.816
3lhs	A	250	 	E	H	0.722	1	-0.2	4	-1.8	2	-0.2	-1	-0.2	0	21	-1.039	-0.861	H	1.357	-1.453	1.477	0.113	-0.837	A	253	 	A	H	0.349	1	-0.2	4	-1.8	2	-0.2	-1	-0.2	9	14	-1.115	-0.694	H	-0.591	-1.302	-0.733	1.57	-0.146
3lhs	A	287	 	N	H	0.28	1	-0.2	4	-1.6	2	-0.2	-1	-0.1	13	12	-0.942	-0.774	H	0.945	0.828	1.299	-0.169	0.933	A	291	 	N	T	0.49	1	-0.2	4	-1.6	2	-0.2	-1	-0.1	9	9	-1.9	0.323	H	0.945	0.828	1.299	-0.169	0.933
3lhs	A	217	 	Q	H	0.172	-4	-2.8	4	-2.2	2	-0.2	-1	-0.2	11	20	-1.205	-0.668	H	0.931	-0.179	-3.005	-0.503	-1.853	A	221	 	E	H	0.34	-4	-2.8	4	-2.2	2	-0.2	-1	-0.2	15	11	-1.064	-0.553	H	1.357	-1.453	1.477	0.113	-0.837
3lhs	A	131	 	N	H	0.229	-3	-0.8	4	-2.3	-4	-0.8	-1	-0.2	13	16	-1.012	-0.75	H	0.945	0.828	1.299	-0.169	0.933	A	134	 	L	H	0.0	-3	-0.8	4	-2.3	-4	-0.8	-1	-0.2	20	13	-1.077	-0.678	H	-1.019	-0.987	-1.505	1.266	-0.912
3lhs	A	232	 	V	H	0.338	2	-0.2	4	-0.5	1	-0.2	-2	-0.2	14	9	-1.117	-0.819	H	-1.337	-0.279	-0.544	1.242	-1.262	A	235	 	G	T	0.786	2	-0.2	4	-0.5	1	-0.2	-2	-0.2	8	9	-1.376	-0.055	H	-0.384	1.652	1.33	1.045	2.064
3lhs	A	281	 	A	H	0.679	1	-0.2	4	-0.6	2	-0.2	-1	-0.1	0	16	-1.095	-0.606	H	-0.591	-1.302	-0.733	1.57	-0.146	A	284	 	K	H	0.527	1	-0.2	4	-0.6	2	-0.2	-1	-0.1	5	17	-1.201	-0.352	H	1.831	-0.561	0.533	-0.277	1.648
3lhs	A	177	 	H	H	0.0	-4	-2.5	4	-3.0	2	-0.2	5	-0.2	14	10	-0.991	-0.866	H	0.336	-0.417	-1.673	-1.474	-0.078	A	180	 	L	H	0.226	-4	-2.5	4	-3.0	2	-0.2	5	-0.2	13	10	-1.141	-0.807	H	-1.019	-0.987	-1.505	1.266	-0.912
3lhs	A	314	 	M	H	0.0	-4	-2.5	4	-2.1	2	-0.2	-2	-0.2	20	16	-1.128	-0.749	H	-0.663	-1.524	2.219	-1.005	1.212	A	317	 	E	H	0.268	-4	-2.5	4	-2.1	2	-0.2	-2	-0.2	12	15	-1.11	-0.696	H	1.357	-1.453	1.477	0.113	-0.837
3lhs	A	185	 	K	H	0.341	-4	-2.8	3	-0.6	1	-0.3	-1	-0.2	12	19	-0.912	-0.828	H	1.831	-0.561	0.533	-0.277	1.648	A	192	 	R	T	0.202	-4	-2.8	3	-0.6	1	-0.3	-1	-0.2	10	12	-1.257	-0.14	H	1.538	-0.055	1.502	0.44	2.897
3lhs	A	271	 	S	S	0.315	-3	-0.1	4	-2.7	1	-0.1	5	-0.2	13	5	-1.127	2.729	H	-0.228	1.399	-4.76	0.67	-2.647	A	275	 	K	H	0.541	-3	-0.1	4	-2.7	1	-0.1	5	-0.2	3	15	-0.944	-0.839	H	1.831	-0.561	0.533	-0.277	1.648
3lhs	A	162	 	K	H	0.439	-4	-2.4	3	-1.9	1	-0.2	5	-0.2	13	19	-1.096	-0.772	H	1.831	-0.561	0.533	-0.277	1.648	A	165	 	N	T	0.752	-4	-2.4	3	-1.9	1	-0.2	5	-0.2	8	17	1.035	0.677	L	0.945	0.828	1.299	-0.169	0.933
3lhs	A	248	 	D	-	0.356	-2	-0.6	4	-2.5	-43	-0.2	5	-0.2	3	23	-1.369	2.99	H	1.05	0.302	-3.656	-0.259	-3.242	A	252	 	L	H	0.0	-2	-0.6	4	-2.5	-43	-0.2	5	-0.2	27	12	-1.022	-0.74	H	-1.019	-0.987	-1.505	1.266	-0.912
3lhs	A	316	 	K	H	0.376	-4	-2.5	4	-2.3	1	-0.2	-1	-0.2	7	20	-1.062	-0.73	H	1.831	-0.561	0.533	-0.277	1.648	A	320	 	E	H	0.546	-4	-2.5	4	-2.3	1	-0.2	-1	-0.2	6	13	-1.039	-0.812	H	1.357	-1.453	1.477	0.113	-0.837
3lhs	A	251	 	H	H	0.196	2	-0.2	4	-2.4	1	-0.2	-2	-0.2	17	11	-1.217	-0.587	H	0.336	-0.417	-1.673	-1.474	-0.078	A	255	 	L	H	0.22	2	-0.2	4	-2.4	1	-0.2	-2	-0.2	25	5	-1.201	-0.805	H	-1.019	-0.987	-1.505	1.266	-0.912
3lhs	A	67	 	A	H	0.038	-4	-2.2	4	-1.1	1	-0.2	-2	-0.2	25	21	-1.037	-0.836	H	-0.591	-1.302	-0.733	1.57	-0.146	A	71	 	L	T	0.018	-4	-2.2	4	-1.1	1	-0.2	-2	-0.2	24	10	-1.667	0.177	H	-1.019	-0.987	-1.505	1.266	-0.912
3lhs	A	288	 	A	H	0.0	-31	-0.7	5	-3.1	1	-0.2	6	-0.2	19	9	-1.174	-0.621	H	-0.591	-1.302	-0.733	1.57	-0.146	A	293	 	R	-	0.165	-31	-0.7	5	-3.1	1	-0.2	6	-0.2	16	13	-2.197	0.609	H	1.538	-0.055	1.502	0.44	2.897
3lhs	A	42	 	K	E	0.707	-2	-0.3	5	-0.2	5	-0.2	2	-0.2	3	20	-1.654	2.349	H	1.831	-0.561	0.533	-0.277	1.648	A	46	 	G	E	0.393	-2	-0.3	5	-0.2	5	-0.2	2	-0.2	0	14	2.045	-2.494	L	-0.384	1.652	1.33	1.045	2.064
3lhs	A	117	 	P	-	0.066	0	0.0	-60	-0.2	0	0.0	3	-0.1	23	8	-1.195	2.75	H	0.189	2.081	-1.628	0.421	-1.392	A	138	 	A	S	0.066	0	0.0	-60	-0.2	0	0.0	3	-0.1	20	10	-2.88	2.837	H	-0.591	-1.302	-0.733	1.57	-0.146
3lhs	A	215	 	V	H	0.007	1	-0.2	4	-2.5	2	-0.2	5	-0.2	20	24	-1.199	-0.716	H	-1.337	-0.279	-0.544	1.242	-1.262	A	219	 	L	H	0.0	1	-0.2	4	-2.5	2	-0.2	5	-0.2	21	18	-1.118	-0.665	H	-1.019	-0.987	-1.505	1.266	-0.912
3lhs	A	241	 	K	E	0.39	3	-3.0	3	-1.9	-2	-0.1	-1	-0.0	9	9	-2.24	1.756	H	1.831	-0.561	0.533	-0.277	1.648	A	246	 	Q	E	0.061	3	-3.0	3	-1.9	-2	-0.1	-1	-0.0	8	21	-1.447	1.963	H	0.931	-0.179	-3.005	-0.503	-1.853
3lhs	A	183	 	K	H	0.571	-4	-2.0	4	-1.3	2	-0.2	-2	-0.2	7	11	-1.12	-0.805	H	1.831	-0.561	0.533	-0.277	1.648	A	186	 	D	H	0.834	-4	-2.0	4	-1.3	2	-0.2	-2	-0.2	4	18	-1.199	-0.41	H	1.05	0.302	-3.656	-0.259	-3.242
3lhs	A	62	 	Y	H	0.032	-2	-0.3	4	-2.3	242	-0.3	5	-0.2	24	23	-1.139	-0.658	H	0.26	0.83	3.097	-0.838	1.512	A	86	 	R	G	0.125	-2	-0.3	4	-2.3	242	-0.3	5	-0.2	19	15	-1.26	-0.316	H	1.538	-0.055	1.502	0.44	2.897
3lhs	A	159	 	T	H	0.239	-4	-2.1	4	-2.6	2	-0.2	-1	-0.2	19	16	-1.157	-0.714	H	-0.032	0.326	2.213	0.908	1.313	A	162	 	K	H	0.439	-4	-2.1	4	-2.6	2	-0.2	-1	-0.2	13	19	-1.096	-0.772	H	1.831	-0.561	0.533	-0.277	1.648
3lhs	A	134	 	L	H	0.0	-4	-2.9	4	-2.1	1	-0.2	3	-1.1	20	13	-1.077	-0.678	H	-1.019	-0.987	-1.505	1.266	-0.912	A	138	 	A	S	0.066	-4	-2.9	4	-2.1	1	-0.2	3	-1.1	20	10	-2.88	2.837	H	-0.591	-1.302	-0.733	1.57	-0.146
3lhs	A	234	 	K	H	0.751	-4	-2.3	3	-1.1	-5	-0.3	-1	-0.2	3	12	-0.984	-0.783	H	1.831	-0.561	0.533	-0.277	1.648	A	237	 	S	G	0.369	-4	-2.3	3	-1.1	-5	-0.3	-1	-0.2	6	16	-1.174	-0.387	H	-0.228	1.399	-4.76	0.67	-2.647
3lhs	A	145	 	S	S	0.0	-2	-0.2	3	-1.7	11	-0.1	-1	-0.2	25	16	-2.577	-1.28	H	-0.228	1.399	-4.76	0.67	-2.647	A	148	 	G	-	0.071	-2	-0.2	3	-1.7	11	-0.1	-1	-0.2	23	11	-1.733	2.566	H	-0.384	1.652	1.33	1.045	2.064
3lhs	A	56	 	R	-	0.363	60	-0.1	62	-2.7	19	-0.1	63	-1.2	9	19	-1.875	1.924	H	1.538	-0.055	1.502	0.44	2.897	A	119	 	L	E	0.006	60	-0.1	62	-2.7	19	-0.1	63	-1.2	19	19	-2.749	2.501	H	-1.019	-0.987	-1.505	1.266	-0.912
3lhs	A	173	 	R	H	0.109	-4	-2.6	4	-2.5	1	-0.2	-2	-0.2	18	9	-1.089	-0.691	H	1.538	-0.055	1.502	0.44	2.897	A	177	 	H	H	0.0	-4	-2.6	4	-2.5	1	-0.2	-2	-0.2	14	10	-0.991	-0.866	H	0.336	-0.417	-1.673	-1.474	-0.078
3lhs	A	51	 	P	E	0.221	0	0.0	3	-1.6	0	0.0	-13	-0.3	13	14	-1.031	2.434	H	0.189	2.081	-1.628	0.421	-1.392	A	54	 	A	-	0.151	0	0.0	3	-1.6	0	0.0	-13	-0.3	25	7	-1.156	2.069	H	-0.591	-1.302	-0.733	1.57	-0.146
3lhs	A	58	 	V	E	0.0	61	-2.2	63	-2.9	-2	-0.4	2	-0.4	26	20	-1.746	2.337	H	-1.337	-0.279	-0.544	1.242	-1.262	A	120	 	I	E	0.0	61	-2.2	63	-2.9	-2	-0.4	2	-0.4	24	24	-2.102	2.358	H	-1.239	-0.547	2.131	0.393	0.816
3lhs	A	39	 	I	E	0.142	11	-2.6	11	-2.9	-2	-0.3	2	-0.4	16	8	-1.937	2.157	H	-1.239	-0.547	2.131	0.393	0.816	A	50	 	V	E	0.0	11	-2.6	11	-2.9	-2	-0.3	2	-0.4	21	12	-1.66	2.172	H	-1.337	-0.279	-0.544	1.242	-1.262
3lhs	A	216	 	G	H	0.0	-6	-0.4	4	-2.1	1	-0.2	-1	-0.2	17	20	-1.044	-0.766	H	-0.384	1.652	1.33	1.045	2.064	A	226	 	N	B	0.108	-6	-0.4	4	-2.1	1	-0.2	-1	-0.2	21	18	-1.223	2.275	H	0.945	0.828	1.299	-0.169	0.933
3lhs	A	155	 	N	H	0.529	-4	-2.4	4	-2.1	1	-0.2	-2	-0.2	11	18	-1.074	-0.641	H	0.945	0.828	1.299	-0.169	0.933	A	159	 	T	H	0.239	-4	-2.4	4	-2.1	1	-0.2	-2	-0.2	19	16	-1.157	-0.714	H	-0.032	0.326	2.213	0.908	1.313
3lhs	A	312	 	E	H	0.082	-4	-2.0	4	-2.5	1	-0.2	-1	-0.2	12	21	-1.042	-0.767	H	1.357	-1.453	1.477	0.113	-0.837	A	315	 	A	H	0.0	-4	-2.0	4	-2.5	1	-0.2	-1	-0.2	22	16	-1.148	-0.733	H	-0.591	-1.302	-0.733	1.57	-0.146
3lhs	A	156	 	S	H	0.046	-4	-1.9	4	-2.4	2	-0.2	-1	-0.2	27	14	-1.148	-0.738	H	-0.228	1.399	-4.76	0.67	-2.647	A	159	 	T	H	0.239	-4	-1.9	4	-2.4	2	-0.2	-1	-0.2	19	16	-1.157	-0.714	H	-0.032	0.326	2.213	0.908	1.313
3lhs	A	271	 	S	S	0.315	-3	-0.1	4	-2.7	1	-0.1	5	-0.2	13	5	-1.127	2.729	H	-0.228	1.399	-4.76	0.67	-2.647	A	274	 	F	H	0.0	-3	-0.1	4	-2.7	1	-0.1	5	-0.2	13	16	-1.138	-0.662	H	-1.006	-0.59	1.891	-0.397	0.412
3lhs	A	216	 	G	H	0.0	-6	-0.4	4	-2.1	1	-0.2	-1	-0.2	17	20	-1.044	-0.766	H	-0.384	1.652	1.33	1.045	2.064	A	219	 	L	H	0.0	-6	-0.4	4	-2.1	1	-0.2	-1	-0.2	21	18	-1.118	-0.665	H	-1.019	-0.987	-1.505	1.266	-0.912
3lhs	A	172	 	K	H	0.81	-4	-2.5	4	-2.4	1	-0.2	-2	-0.2	6	11	-1.078	-0.831	H	1.831	-0.561	0.533	-0.277	1.648	A	175	 	A	H	0.594	-4	-2.5	4	-2.4	1	-0.2	-2	-0.2	5	12	-1.131	-0.767	H	-0.591	-1.302	-0.733	1.57	-0.146
3lhs	A	195	 	K	-	0.454	-2	-0.9	64	-2.3	29	-0.1	2	-0.4	9	21	-1.226	2.554	H	1.831	-0.561	0.533	-0.277	1.648	A	225	 	K	-	0.478	-2	-0.9	64	-2.3	29	-0.1	2	-0.4	11	19	-1.907	2.052	H	1.831	-0.561	0.533	-0.277	1.648
3lhs	A	62	 	Y	H	0.032	-2	-0.3	4	-2.3	242	-0.3	5	-0.2	24	23	-1.139	-0.658	H	0.26	0.83	3.097	-0.838	1.512	A	87	 	I	S	0.024	-2	-0.3	4	-2.3	242	-0.3	5	-0.2	24	15	-1.459	1.917	H	-1.239	-0.547	2.131	0.393	0.816
3lhs	A	264	 	T	E	0.092	33	-2.7	35	-2.5	-2	-0.6	3	-2.4	15	15	-2.315	2.735	H	-0.032	0.326	2.213	0.908	1.313	A	299	 	R	H	0.331	33	-2.7	35	-2.5	-2	-0.6	3	-2.4	11	19	-1.12	-0.569	H	1.538	-0.055	1.502	0.44	2.897
3lhs	A	206	 	L	E	0.0	41	-2.6	41	-3.2	-5	-0.2	2	-0.7	20	17	-2.05	2.515	H	-1.019	-0.987	-1.505	1.266	-0.912	A	247	 	L	E	0.0	41	-2.6	41	-3.2	-5	-0.2	2	-0.7	25	12	-1.899	1.981	H	-1.019	-0.987	-1.505	1.266	-0.912
3lhs	A	40	 	S	E	0.469	-2	-0.5	2	-0.3	9	-0.2	9	-0.2	2	19	-1.471	2.294	H	-0.228	1.399	-4.76	0.67	-2.647	A	48	 	V	E	0.127	-2	-0.5	2	-0.3	9	-0.2	9	-0.2	21	6	-2.202	2.348	H	-1.337	-0.279	-0.544	1.242	-1.262
3lhs	A	80	 	D	-	0.037	-2	-1.4	3	-2.6	22	-0.1	6	-0.3	16	19	-1.848	0.264	H	1.05	0.302	-3.656	-0.259	-3.242	A	100	 	S	E	0.354	-2	-1.4	3	-2.6	22	-0.1	6	-0.3	10	21	-1.25	2.385	H	-0.228	1.399	-4.76	0.67	-2.647
3lhs	A	274	 	F	H	0.0	1	-0.2	4	-3.0	2	-0.2	-2	-0.2	13	16	-1.138	-0.662	H	-1.006	-0.59	1.891	-0.397	0.412	A	278	 	Q	H	0.288	1	-0.2	4	-3.0	2	-0.2	-2	-0.2	10	16	-1.167	-0.428	H	0.931	-0.179	-3.005	-0.503	-1.853
3lhs	A	209	 	H	-	0.054	-11	-2.5	19	-0.2	-2	-0.2	35	-0.1	21	18	-1.564	1.954	H	0.336	-0.417	-1.673	-1.474	-0.078	A	213	 	S	S	0.092	-11	-2.5	19	-0.2	-2	-0.2	35	-0.1	20	14	-1.171	2.958	H	-0.228	1.399	-4.76	0.67	-2.647
3lhs	A	315	 	A	H	0.0	-4	-2.3	4	-2.0	1	-0.2	-2	-0.2	22	16	-1.148	-0.733	H	-0.591	-1.302	-0.733	1.57	-0.146	A	318	 	L	H	0.006	-4	-2.3	4	-2.0	1	-0.2	-2	-0.2	20	14	-1.094	-0.66	H	-1.019	-0.987	-1.505	1.266	-0.912
3lhs	A	280	 	D	-	0.344	-3	-1.0	4	-1.6	-4	-0.6	-3	-0.0	17	4	-1.21	2.429	H	1.05	0.302	-3.656	-0.259	-3.242	A	283	 	W	H	0.048	-3	-1.0	4	-1.6	-4	-0.6	-3	-0.0	14	18	-0.863	-0.778	H	-0.595	0.009	0.672	-2.128	-0.184
3lhs	A	59	 	V	E	0.0	18	-2.4	20	-1.9	-2	-0.4	63	-0.2	19	29	-2.126	2.489	H	-1.337	-0.279	-0.544	1.242	-1.262	A	79	 	A	-	0.0	18	-2.4	20	-1.9	-2	-0.4	63	-0.2	20	20	-1.372	1.597	H	-0.591	-1.302	-0.733	1.57	-0.146
3lhs	A	62	 	Y	H	0.032	-2	-0.3	4	-2.3	242	-0.3	5	-0.2	24	23	-1.139	-0.658	H	0.26	0.83	3.097	-0.838	1.512	A	80	 	D	-	0.037	-2	-0.3	4	-2.3	242	-0.3	5	-0.2	16	19	-1.848	0.264	H	1.05	0.302	-3.656	-0.259	-3.242
3lhs	A	61	 	E	S	0.0	60	-0.2	4	-1.3	61	-0.1	3	-0.5	23	24	-2.556	2.745	H	1.357	-1.453	1.477	0.113	-0.837	A	65	 	A	H	0.0	60	-0.2	4	-1.3	61	-0.1	3	-0.5	24	26	-1.093	-0.729	H	-0.591	-1.302	-0.733	1.57	-0.146
3lhs	A	237	 	S	G	0.369	-3	-1.1	3	-2.2	-4	-0.3	-2	-0.1	6	16	-1.174	-0.387	H	-0.228	1.399	-4.76	0.67	-2.647	A	240	 	L	E	0.402	-3	-1.1	3	-2.2	-4	-0.3	-2	-0.1	8	11	-1.102	2.407	H	-1.019	-0.987	-1.505	1.266	-0.912
3lhs	A	298	 	D	E	0.239	-2	-0.3	4	-2.8	-35	-0.2	5	-0.3	11	17	-1.339	2.101	H	1.05	0.302	-3.656	-0.259	-3.242	A	301	 	V	I	0.19	-2	-0.3	4	-2.8	-35	-0.2	5	-0.3	19	18	-1.241	-0.838	H	-1.337	-0.279	-0.544	1.242	-1.262
3lhs	A	214	 	Y	H	0.077	-66	-0.3	4	-2.3	-65	-0.2	-64	-0.2	17	20	-0.924	-0.956	H	0.26	0.83	3.097	-0.838	1.512	A	217	 	Q	H	0.172	-66	-0.3	4	-2.3	-65	-0.2	-64	-0.2	11	20	-1.205	-0.668	H	0.931	-0.179	-3.005	-0.503	-1.853
3lhs	A	124	 	S	T	0.023	19	-2.5	20	-0.2	-2	-0.4	-1	-0.1	14	16	-1.191	-0.265	H	-0.228	1.399	-4.76	0.67	-2.647	A	142	 	S	E	0.023	19	-2.5	20	-0.2	-2	-0.4	-1	-0.1	16	22	-1.964	1.893	H	-0.228	1.399	-4.76	0.67	-2.647
3lhs	A	149	 	D	-	0.184	-2	-0.3	4	-2.0	64	-0.1	65	-0.2	13	18	-1.443	-2.982	H	1.05	0.302	-3.656	-0.259	-3.242	A	217	 	Q	H	0.172	-2	-0.3	4	-2.0	64	-0.1	65	-0.2	11	20	-1.205	-0.668	H	0.931	-0.179	-3.005	-0.503	-1.853
3lhs	A	265	 	D	G	0.374	-2	-0.3	3	-1.6	1	-0.3	33	-0.1	5	18	-1.018	2.255	H	1.05	0.302	-3.656	-0.259	-3.242	A	268	 	K	-	0.595	-2	-0.3	3	-1.6	1	-0.3	33	-0.1	8	13	-1.648	2.641	H	1.831	-0.561	0.533	-0.277	1.648
3lhs	A	228	 	L	S	0.012	-32	-0.5	-17	-0.7	-19	-0.2	-1	-0.2	22	18	-1.447	1.402	H	-1.019	-0.987	-1.505	1.266	-0.912	A	233	 	T	H	0.07	-32	-0.5	-17	-0.7	-19	-0.2	-1	-0.2	15	12	-1.114	-0.675	H	-0.032	0.326	2.213	0.908	1.313
3lhs	A	157	 	F	H	0.036	-4	-1.9	4	-2.7	1	-0.2	-2	-0.2	21	20	-0.975	-0.783	H	-1.006	-0.59	1.891	-0.397	0.412	A	160	 	I	H	0.006	-4	-1.9	4	-2.7	1	-0.2	-2	-0.2	25	21	-1.075	-0.799	H	-1.239	-0.547	2.131	0.393	0.816
3lhs	A	122	 	A	E	0.009	19	-3.2	21	-2.7	-2	-0.6	2	-0.4	27	21	-2.003	2.75	H	-0.591	-1.302	-0.733	1.57	-0.146	A	141	 	L	E	0.0	19	-3.2	21	-2.7	-2	-0.6	2	-0.4	26	18	-1.696	2.302	H	-1.019	-0.987	-1.505	1.266	-0.912
3lhs	A	218	 	F	H	0.0	-4	-2.3	4	-1.4	-5	-0.3	-1	-0.2	24	17	-1.148	-0.638	H	-1.006	-0.59	1.891	-0.397	0.412	A	311	 	S	H	0.0	-4	-2.3	4	-1.4	-5	-0.3	-1	-0.2	22	17	-1.159	-0.641	H	-0.228	1.399	-4.76	0.67	-2.647
3lhs	A	184	 	Y	H	0.176	-4	-2.7	4	-1.4	1	-0.2	3	-0.5	18	11	-1.145	-0.685	H	0.26	0.83	3.097	-0.838	1.512	A	312	 	E	H	0.082	-4	-2.7	4	-1.4	1	-0.2	3	-0.5	12	21	-1.042	-0.767	H	1.357	-1.453	1.477	0.113	-0.837
3lhs	A	104	 	R	S	0.052	1	-0.2	19	-0.1	2	-0.2	-1	-0.1	18	16	-1.142	-0.616	H	1.538	-0.055	1.502	0.44	2.897	A	126	 	R	T	0.25	1	-0.2	19	-0.1	2	-0.2	-1	-0.1	16	9	-1.237	-0.503	H	1.538	-0.055	1.502	0.44	2.897
3lhs	A	282	 	T	H	0.303	1	-0.2	3	-1.0	2	-0.2	4	-0.5	10	13	-1.312	-0.702	H	-0.032	0.326	2.213	0.908	1.313	A	286	 	L	-	0.018	1	-0.2	3	-1.0	2	-0.2	4	-0.5	24	4	-1.134	2.445	H	-1.019	-0.987	-1.505	1.266	-0.912
3lhs	A	146	 	F	T	0.467	1	-0.3	68	-0.2	7	-0.0	-2	-0.1	11	22	-0.92	-0.733	H	-1.006	-0.59	1.891	-0.397	0.412	A	306	 	R	-	0.077	1	-0.3	68	-0.2	7	-0.0	-2	-0.1	24	20	0.988	0.61	L	1.538	-0.055	1.502	0.44	2.897
3lhs	A	276	 	K	H	0.595	-4	-1.7	4	-0.6	2	-0.2	-1	-0.2	10	13	-1.192	-0.652	H	1.831	-0.561	0.533	-0.277	1.648	A	280	 	D	-	0.344	-4	-1.7	4	-0.6	2	-0.2	-1	-0.2	17	4	-1.21	2.429	H	1.05	0.302	-3.656	-0.259	-3.242
3lhs	A	289	 	V	H	0.296	-3	-0.3	3	-1.5	-6	-0.3	-2	-0.2	13	15	-1.227	-0.879	H	-1.337	-0.279	-0.544	1.242	-1.262	A	292	 	N	T	0.822	-3	-0.3	3	-1.5	-6	-0.3	-2	-0.2	5	16	1.017	0.859	L	0.945	0.828	1.299	-0.169	0.933
3lhs	A	81	 	D	T	0.153	21	-2.2	22	-0.2	1	-0.3	-2	-0.1	10	15	1.054	0.328	L	1.05	0.302	-3.656	-0.259	-3.242	A	103	 	T	-	0.38	21	-2.2	22	-0.2	1	-0.3	-2	-0.1	3	22	-1.41	2.684	H	-0.032	0.326	2.213	0.908	1.313
3lhs	A	151	 	K	H	0.532	1	-0.2	4	-2.4	2	-0.2	-1	-0.2	4	25	-1.185	-0.592	H	1.831	-0.561	0.533	-0.277	1.648	A	154	 	I	H	0.142	1	-0.2	4	-2.4	2	-0.2	-1	-0.2	13	22	-1.077	-0.712	H	-1.239	-0.547	2.131	0.393	0.816
3lhs	A	81	 	D	T	0.153	21	-2.2	22	-0.2	1	-0.3	-2	-0.1	10	15	1.054	0.328	L	1.05	0.302	-3.656	-0.259	-3.242	A	104	 	R	S	0.052	21	-2.2	22	-0.2	1	-0.3	-2	-0.1	18	16	-1.142	-0.616	H	1.538	-0.055	1.502	0.44	2.897
3lhs	A	199	 	A	E	0.0	62	-2.3	64	-3.0	-2	-0.4	9	-0.2	19	23	-2.738	2.762	H	-0.591	-1.302	-0.733	1.57	-0.146	A	261	 	I	E	0.012	62	-2.3	64	-3.0	-2	-0.4	9	-0.2	20	22	-2.108	1.975	H	-1.239	-0.547	2.131	0.393	0.816
3lhs	A	122	 	A	E	0.009	19	-3.2	21	-2.7	-2	-0.6	2	-0.4	27	21	-2.003	2.75	H	-0.591	-1.302	-0.733	1.57	-0.146	A	143	 	L	E	0.018	19	-3.2	21	-2.7	-2	-0.6	2	-0.4	25	17	-2.251	2.742	H	-1.019	-0.987	-1.505	1.266	-0.912
3lhs	A	43	 	D	E	0.104	3	-3.0	3	-1.4	-2	-0.5	100	-0.2	19	10	-2.128	-2.888	H	1.05	0.302	-3.656	-0.259	-3.242	A	46	 	G	E	0.393	3	-3.0	3	-1.4	-2	-0.5	100	-0.2	0	14	2.045	-2.494	L	-0.384	1.652	1.33	1.045	2.064
3lhs	A	69	 	A	H	0.057	-4	-2.3	3	-1.6	1	-0.2	-1	-0.2	19	16	-1.103	-0.688	H	-0.591	-1.302	-0.733	1.57	-0.146	A	72	 	D	T	0.748	-4	-2.3	3	-1.6	1	-0.2	-1	-0.2	4	17	1.123	0.607	L	1.05	0.302	-3.656	-0.259	-3.242
3lhs	A	133	 	E	H	0.526	-4	-0.3	4	-0.8	1	-0.2	3	-0.7	10	11	-1.18	-0.711	H	1.357	-1.453	1.477	0.113	-0.837	A	136	 	K	H	0.771	-4	-0.3	4	-0.8	1	-0.2	3	-0.7	6	13	-1.306	-0.443	H	1.831	-0.561	0.533	-0.277	1.648
3lhs	A	112	 	I	H	0.0	-4	-2.0	4	-0.4	2	-0.2	3	-0.3	25	14	-1.121	-0.83	H	-1.239	-0.547	2.131	0.393	0.816	A	117	 	P	-	0.066	-4	-2.0	4	-0.4	2	-0.2	3	-0.3	23	8	-1.195	2.75	H	0.189	2.081	-1.628	0.421	-1.392
3lhs	A	74	 	K	-	0.6	-2	-0.4	-17	-0.3	-19	-0.2	-9	-0.0	9	19	-1.768	1.911	H	1.831	-0.561	0.533	-0.277	1.648	A	94	 	K	H	0.439	-2	-0.4	-17	-0.3	-19	-0.2	-9	-0.0	16	7	-1.155	-0.74	H	1.831	-0.561	0.533	-0.277	1.648
3lhs	A	66	 	D	H	0.049	-4	-2.3	4	-2.6	239	-0.2	-2	-0.2	24	21	-1.06	-0.739	H	1.05	0.302	-3.656	-0.259	-3.242	A	308	 	L	H	0.024	-4	-2.3	4	-2.6	239	-0.2	-2	-0.2	23	21	-1.219	-0.806	H	-1.019	-0.987	-1.505	1.266	-0.912
3lhs	A	174	 	L	H	0.098	-4	-2.4	4	-2.9	2	-0.2	-1	-0.2	12	15	-1.247	-0.577	H	-1.019	-0.987	-1.505	1.266	-0.912	A	177	 	H	H	0.0	-4	-2.4	4	-2.9	2	-0.2	-1	-0.2	14	10	-0.991	-0.866	H	0.336	-0.417	-1.673	-1.474	-0.078
3lhs	A	74	 	K	-	0.6	-2	-0.4	-17	-0.3	-19	-0.2	-9	-0.0	9	19	-1.768	1.911	H	1.831	-0.561	0.533	-0.277	1.648	A	95	 	I	H	0.024	-2	-0.4	-17	-0.3	-19	-0.2	-9	-0.0	21	6	-1.172	-0.724	H	-1.239	-0.547	2.131	0.393	0.816
3lhs	A	79	 	A	-	0.0	-20	-1.9	24	-0.1	-2	-0.4	25	-0.1	20	20	-1.372	1.597	H	-0.591	-1.302	-0.733	1.57	-0.146	A	102	 	G	B	0.274	-20	-1.9	24	-0.1	-2	-0.4	25	-0.1	9	17	1.653	-2.65	L	-0.384	1.652	1.33	1.045	2.064
3lhs	A	286	 	L	-	0.018	-3	-1.7	4	-2.8	-4	-0.5	5	-0.3	24	4	-1.134	2.445	H	-1.019	-0.987	-1.505	1.266	-0.912	A	289	 	V	H	0.296	-3	-1.7	4	-2.8	-4	-0.5	5	-0.3	13	15	-1.227	-0.879	H	-1.337	-0.279	-0.544	1.242	-1.262
3lhs	A	180	 	L	H	0.226	-4	-2.5	4	-2.7	2	-0.2	5	-0.2	13	10	-1.141	-0.807	H	-1.019	-0.987	-1.505	1.266	-0.912	A	184	 	Y	H	0.176	-4	-2.5	4	-2.7	2	-0.2	5	-0.2	18	11	-1.145	-0.685	H	0.26	0.83	3.097	-0.838	1.512
3lhs	A	274	 	F	H	0.0	1	-0.2	4	-3.0	2	-0.2	-2	-0.2	13	16	-1.138	-0.662	H	-1.006	-0.59	1.891	-0.397	0.412	A	296	 	I	E	0.207	1	-0.2	4	-3.0	2	-0.2	-2	-0.2	11	22	-1.723	2.156	H	-1.239	-0.547	2.131	0.393	0.816
3lhs	A	195	 	K	-	0.454	-2	-0.9	64	-2.3	29	-0.1	2	-0.4	9	21	-1.226	2.554	H	1.831	-0.561	0.533	-0.277	1.648	A	259	 	R	E	0.04	-2	-0.9	64	-2.3	29	-0.1	2	-0.4	14	21	-2.36	2.501	H	1.538	-0.055	1.502	0.44	2.897
3lhs	A	230	 	D	H	0.675	1	-0.2	4	-2.3	2	-0.2	5	-0.1	0	16	-0.956	-0.777	H	1.05	0.302	-3.656	-0.259	-3.242	A	234	 	K	H	0.751	1	-0.2	4	-2.3	2	-0.2	5	-0.1	3	12	-0.984	-0.783	H	1.831	-0.561	0.533	-0.277	1.648
3lhs	A	263	 	M	E	0.0	-64	-3.0	-62	-0.5	-2	-0.6	2	-0.3	15	18	-1.55	2.061	H	-0.663	-1.524	2.219	-1.005	1.212	A	297	 	V	E	0.007	-64	-3.0	-62	-0.5	-2	-0.6	2	-0.3	17	12	-2.21	2.913	H	-1.337	-0.279	-0.544	1.242	-1.262
3lhs	A	120	 	I	E	0.0	19	-2.1	21	-2.9	-2	-0.3	2	-0.6	24	24	-2.102	2.358	H	-1.239	-0.547	2.131	0.393	0.816	A	139	 	P	-	0.331	19	-2.1	21	-2.9	-2	-0.3	2	-0.6	18	18	-0.888	2.349	H	0.189	2.081	-1.628	0.421	-1.392
3lhs	A	183	 	K	H	0.571	-4	-2.0	4	-1.3	2	-0.2	-2	-0.2	7	11	-1.12	-0.805	H	1.831	-0.561	0.533	-0.277	1.648	A	187	 	E	H	0.479	-4	-2.0	4	-1.3	2	-0.2	-2	-0.2	13	9	-1.548	-0.268	H	1.357	-1.453	1.477	0.113	-0.837
3lhs	A	317	 	E	H	0.268	-4	-2.2	4	-2.9	1	-0.2	-1	-0.2	12	15	-1.11	-0.696	H	1.357	-1.453	1.477	0.113	-0.837	A	320	 	E	H	0.546	-4	-2.2	4	-2.9	1	-0.2	-1	-0.2	6	13	-1.039	-0.812	H	1.357	-1.453	1.477	0.113	-0.837
3lhs	A	132	 	K	H	0.727	-4	-0.4	4	-0.8	-3	-0.3	-1	-0.2	1	17	-1.048	-0.777	H	1.831	-0.561	0.533	-0.277	1.648	A	136	 	K	H	0.771	-4	-0.4	4	-0.8	-3	-0.3	-1	-0.2	6	13	-1.306	-0.443	H	1.831	-0.561	0.533	-0.277	1.648
3lhs	A	308	 	L	H	0.024	-245	-0.2	4	-2.0	2	-0.2	5	-0.2	23	21	-1.219	-0.806	H	-1.019	-0.987	-1.505	1.266	-0.912	A	312	 	E	H	0.082	-245	-0.2	4	-2.0	2	-0.2	5	-0.2	12	21	-1.042	-0.767	H	1.357	-1.453	1.477	0.113	-0.837
3lhs	A	250	 	E	H	0.722	1	-0.2	4	-1.8	2	-0.2	-1	-0.2	0	21	-1.039	-0.861	H	1.357	-1.453	1.477	0.113	-0.837	A	254	 	D	H	0.877	1	-0.2	4	-1.8	2	-0.2	-1	-0.2	8	13	-1.142	-0.754	H	1.05	0.302	-3.656	-0.259	-3.242
3lhs	A	285	 	K	T	0.659	-3	-1.0	-1	-0.3	-4	-0.6	-2	-0.2	8	14	-1.583	-0.111	H	1.831	-0.561	0.533	-0.277	1.648	A	290	 	K	H	0.663	-3	-1.0	-1	-0.3	-4	-0.6	-2	-0.2	9	10	-1.032	-0.547	H	1.831	-0.561	0.533	-0.277	1.648
3lhs	A	145	 	S	S	0.0	-2	-0.2	3	-1.7	11	-0.1	-1	-0.2	25	16	-2.577	-1.28	H	-0.228	1.399	-4.76	0.67	-2.647	A	306	 	R	-	0.077	-2	-0.2	3	-1.7	11	-0.1	-1	-0.2	24	20	0.988	0.61	L	1.538	-0.055	1.502	0.44	2.897
3lhs	A	232	 	V	H	0.338	2	-0.2	4	-0.5	1	-0.2	-2	-0.2	14	9	-1.117	-0.819	H	-1.337	-0.279	-0.544	1.242	-1.262	A	236	 	L	T	0.11	2	-0.2	4	-0.5	1	-0.2	-2	-0.2	19	5	-2.007	0.164	H	-1.019	-0.987	-1.505	1.266	-0.912
3lhs	A	64	 	F	H	0.01	-3	-0.5	4	-2.3	2	-0.2	-1	-0.2	24	26	-1.267	-0.603	H	-1.006	-0.59	1.891	-0.397	0.412	A	67	 	A	H	0.038	-3	-0.5	4	-2.3	2	-0.2	-1	-0.2	25	21	-1.037	-0.836	H	-0.591	-1.302	-0.733	1.57	-0.146
3lhs	A	249	 	T	H	0.162	1	-0.2	4	-2.7	2	-0.2	5	-0.2	13	16	-1.132	-0.512	H	-0.032	0.326	2.213	0.908	1.313	A	282	 	T	H	0.303	1	-0.2	4	-2.7	2	-0.2	5	-0.2	10	13	-1.312	-0.702	H	-0.032	0.326	2.213	0.908	1.313
3lhs	A	170	 	G	H	0.036	-4	-2.6	4	-2.4	2	-0.2	-1	-0.2	16	14	-1.118	-0.675	H	-0.384	1.652	1.33	1.045	2.064	A	173	 	R	H	0.109	-4	-2.6	4	-2.4	2	-0.2	-1	-0.2	18	9	-1.089	-0.691	H	1.538	-0.055	1.502	0.44	2.897
3lhs	A	252	 	L	H	0.0	-4	-2.5	4	-3.7	2	-0.2	-2	-0.2	27	12	-1.022	-0.74	H	-1.019	-0.987	-1.505	1.266	-0.912	A	255	 	L	H	0.22	-4	-2.5	4	-3.7	2	-0.2	-2	-0.2	25	5	-1.201	-0.805	H	-1.019	-0.987	-1.505	1.266	-0.912
3lhs	A	192	 	R	T	0.202	-2	-0.5	33	-0.4	1	-0.3	-1	-0.2	10	12	-1.257	-0.14	H	1.538	-0.055	1.502	0.44	2.897	A	225	 	K	-	0.478	-2	-0.5	33	-0.4	1	-0.3	-1	-0.2	11	19	-1.907	2.052	H	1.831	-0.561	0.533	-0.277	1.648
3lhs	A	81	 	D	T	0.153	21	-2.2	22	-0.2	1	-0.3	-2	-0.1	10	15	1.054	0.328	L	1.05	0.302	-3.656	-0.259	-3.242	A	86	 	R	G	0.125	21	-2.2	22	-0.2	1	-0.3	-2	-0.1	19	15	-1.26	-0.316	H	1.538	-0.055	1.502	0.44	2.897
3lhs	A	196	 	V	E	0.0	29	-2.5	31	-3.1	62	-0.2	32	-0.5	23	18	-2.057	2.506	H	-1.337	-0.279	-0.544	1.242	-1.262	A	227	 	A	S	0.075	29	-2.5	31	-3.1	62	-0.2	32	-0.5	18	17	-1.03	-0.59	H	-0.591	-1.302	-0.733	1.57	-0.146
3lhs	A	108	 	N	-	0.401	-7	-3.1	4	-2.0	1	-0.2	3	-0.2	15	14	-1.493	1.79	H	0.945	0.828	1.299	-0.169	0.933	A	112	 	I	H	0.0	-7	-3.1	4	-2.0	1	-0.2	3	-0.2	25	14	-1.121	-0.83	H	-1.239	-0.547	2.131	0.393	0.816
3lhs	A	57	 	I	E	0.006	-2	-0.7	19	-1.7	17	-0.3	20	-1.1	22	20	-2.201	2.323	H	-1.239	-0.547	2.131	0.393	0.816	A	75	 	P	-	0.015	-2	-0.7	19	-1.7	17	-0.3	20	-1.1	25	18	-0.993	2.562	H	0.189	2.081	-1.628	0.421	-1.392
3lhs	A	178	 	D	H	0.479	-4	-2.9	4	-2.3	1	-0.2	-1	-0.2	7	17	-1.138	-0.657	H	1.05	0.302	-3.656	-0.259	-3.242	A	182	 	N	H	0.522	-4	-2.9	4	-2.3	1	-0.2	-1	-0.2	5	17	-1.183	-0.598	H	0.945	0.828	1.299	-0.169	0.933
3lhs	A	275	 	K	H	0.541	-4	-2.7	4	-1.7	2	-0.2	-1	-0.2	3	15	-0.944	-0.839	H	1.831	-0.561	0.533	-0.277	1.648	A	278	 	Q	H	0.288	-4	-2.7	4	-1.7	2	-0.2	-1	-0.2	10	16	-1.167	-0.428	H	0.931	-0.179	-3.005	-0.503	-1.853
3lhs	A	283	 	W	H	0.048	1	-0.2	3	-1.7	-6	-0.2	6	-0.3	14	18	-0.863	-0.778	H	-0.595	0.009	0.672	-2.128	-0.184	A	289	 	V	H	0.296	1	-0.2	3	-1.7	-6	-0.2	6	-0.3	13	15	-1.227	-0.879	H	-1.337	-0.279	-0.544	1.242	-1.262
3lhs	A	104	 	R	S	0.052	1	-0.2	19	-0.1	2	-0.2	-1	-0.1	18	16	-1.142	-0.616	H	1.538	-0.055	1.502	0.44	2.897	A	127	 	H	T	0.022	1	-0.2	19	-0.1	2	-0.2	-1	-0.1	29	7	-2.031	0.398	H	0.336	-0.417	-1.673	-1.474	-0.078
3lhs	A	310	 	S	H	0.0	1	-0.2	4	-2.5	2	-0.2	-1	-0.2	26	13	-1.124	-0.719	H	-0.228	1.399	-4.76	0.67	-2.647	A	314	 	M	H	0.0	1	-0.2	4	-2.5	2	-0.2	-1	-0.2	20	16	-1.128	-0.749	H	-0.663	-1.524	2.219	-1.005	1.212
3lhs	A	279	 	E	H	0.649	-4	-1.7	-1	-0.2	-5	-0.2	-2	-0.2	6	13	-1.555	-0.148	H	1.357	-1.453	1.477	0.113	-0.837	A	284	 	K	H	0.527	-4	-1.7	-1	-0.2	-5	-0.2	-2	-0.2	5	17	-1.201	-0.352	H	1.831	-0.561	0.533	-0.277	1.648
3lhs	A	130	 	I	T	0.183	1	-0.2	4	-2.9	-3	-0.1	-1	-0.2	16	10	-1.635	-0.012	H	-1.239	-0.547	2.131	0.393	0.816	A	133	 	E	H	0.526	1	-0.2	4	-2.9	-3	-0.1	-1	-0.2	10	11	-1.18	-0.711	H	1.357	-1.453	1.477	0.113	-0.837
3lhs	A	219	 	L	H	0.0	-4	-2.5	5	-2.4	1	-0.2	3	-0.3	21	18	-1.118	-0.665	H	-1.019	-0.987	-1.505	1.266	-0.912	A	223	 	G	T	0.345	-4	-2.5	5	-2.4	1	-0.2	3	-0.3	13	13	1.517	0.102	L	-0.384	1.652	1.33	1.045	2.064
3lhs	A	169	 	E	H	0.485	1	-0.2	4	-2.6	2	-0.2	-1	-0.2	14	10	-1.093	-0.711	H	1.357	-1.453	1.477	0.113	-0.837	A	172	 	K	H	0.81	1	-0.2	4	-2.6	2	-0.2	-1	-0.2	6	11	-1.078	-0.831	H	1.831	-0.561	0.533	-0.277	1.648
3lhs	A	179	 	K	H	0.834	-4	-2.3	4	-2.0	-5	-0.2	-1	-0.2	5	11	-1.105	-0.754	H	1.831	-0.561	0.533	-0.277	1.648	A	182	 	N	H	0.522	-4	-2.3	4	-2.0	-5	-0.2	-1	-0.2	5	17	-1.183	-0.598	H	0.945	0.828	1.299	-0.169	0.933
3lhs	A	123	 	D	E	0.0	-2	-0.3	4	-2.4	19	-0.2	21	-0.2	19	20	-1.514	2.275	H	1.05	0.302	-3.656	-0.259	-3.242	A	143	 	L	E	0.018	-2	-0.3	4	-2.4	19	-0.2	21	-0.2	25	17	-2.251	2.742	H	-1.019	-0.987	-1.505	1.266	-0.912
3lhs	A	103	 	T	-	0.38	3	-0.6	-23	-0.1	-22	-0.2	5	-0.0	3	22	-1.41	2.684	H	-0.032	0.326	2.213	0.908	1.313	A	107	 	P	B	0.088	3	-0.6	-23	-0.1	-22	-0.2	5	-0.0	25	9	-1.029	2.612	H	0.189	2.081	-1.628	0.421	-1.392
3lhs	A	196	 	V	E	0.0	29	-2.5	31	-3.1	62	-0.2	32	-0.5	23	18	-2.057	2.506	H	-1.337	-0.279	-0.544	1.242	-1.262	A	225	 	K	-	0.478	29	-2.5	31	-3.1	62	-0.2	32	-0.5	11	19	-1.907	2.052	H	1.831	-0.561	0.533	-0.277	1.648
3lhs	A	320	 	E	H	0.546	-4	-2.3	3	-0.8	1	-0.2	4	-0.5	6	13	-1.039	-0.812	H	1.357	-1.453	1.477	0.113	-0.837	A	323	 	K	H	0.483	-4	-2.3	3	-0.8	1	-0.2	4	-0.5	7	8	-1.704	-0.018	H	1.831	-0.561	0.533	-0.277	1.648
3lhs	A	110	 	E	H	0.773	2	-0.2	4	-2.3	1	-0.2	-1	-0.2	0	18	-1.164	-0.699	H	1.357	-1.453	1.477	0.113	-0.837	A	113	 	S	H	0.415	2	-0.2	4	-2.3	1	-0.2	-1	-0.2	8	18	-1.059	-0.74	H	-0.228	1.399	-4.76	0.67	-2.647
3lhs	A	265	 	D	G	0.374	-2	-0.3	3	-1.6	1	-0.3	33	-0.1	5	18	-1.018	2.255	H	1.05	0.302	-3.656	-0.259	-3.242	A	299	 	R	H	0.331	-2	-0.3	3	-1.6	1	-0.3	33	-0.1	11	19	-1.12	-0.569	H	1.538	-0.055	1.502	0.44	2.897
3lhs	A	126	 	R	T	0.25	1	-0.2	3	-0.3	2	-0.1	-2	-0.2	16	9	-1.237	-0.503	H	1.538	-0.055	1.502	0.44	2.897	A	146	 	F	T	0.467	1	-0.2	3	-0.3	2	-0.1	-2	-0.2	11	22	-0.92	-0.733	H	-1.006	-0.59	1.891	-0.397	0.412
3lhs	A	154	 	I	H	0.142	-4	-2.0	4	-2.1	1	-0.2	-2	-0.2	13	22	-1.077	-0.712	H	-1.239	-0.547	2.131	0.393	0.816	A	308	 	L	H	0.024	-4	-2.0	4	-2.1	1	-0.2	-2	-0.2	23	21	-1.219	-0.806	H	-1.019	-0.987	-1.505	1.266	-0.912
3lhs	A	57	 	I	E	0.006	-2	-0.7	19	-1.7	17	-0.3	20	-1.1	22	20	-2.201	2.323	H	-1.239	-0.547	2.131	0.393	0.816	A	119	 	L	E	0.006	-2	-0.7	19	-1.7	17	-0.3	20	-1.1	19	19	-2.749	2.501	H	-1.019	-0.987	-1.505	1.266	-0.912
3lhs	A	273	 	E	H	0.562	1	-0.2	4	-1.6	2	-0.2	-1	-0.2	10	11	-1.08	-0.875	H	1.357	-1.453	1.477	0.113	-0.837	A	276	 	K	H	0.595	1	-0.2	4	-1.6	2	-0.2	-1	-0.2	10	13	-1.192	-0.652	H	1.831	-0.561	0.533	-0.277	1.648
3lhs	A	188	 	I	-	0.036	-4	-1.4	131	-0.1	-3	-0.6	132	-0.1	17	9	-1.318	2.038	H	-1.239	-0.547	2.131	0.393	0.816	A	192	 	R	T	0.202	-4	-1.4	131	-0.1	-3	-0.6	132	-0.1	10	12	-1.257	-0.14	H	1.538	-0.055	1.502	0.44	2.897
3lhs	A	200	 	V	E	0.099	7	-2.5	7	-3.2	-2	-0.3	2	-0.5	12	27	-1.73	2.867	H	-1.337	-0.279	-0.544	1.242	-1.262	A	206	 	L	E	0.0	7	-2.5	7	-3.2	-2	-0.3	2	-0.5	20	17	-2.05	2.515	H	-1.019	-0.987	-1.505	1.266	-0.912
3lhs	A	90	 	P	H	0.419	0	0.0	4	-1.8	0	0.0	-1	-0.2	10	13	-1.129	-0.576	H	0.189	2.081	-1.628	0.421	-1.392	A	94	 	K	H	0.439	0	0.0	4	-1.8	0	0.0	-1	-0.2	16	7	-1.155	-0.74	H	1.831	-0.561	0.533	-0.277	1.648
3lhs	A	78	 	I	E	0.0	21	-1.8	23	-2.2	-2	-0.3	2	-1.4	21	24	-2.416	2.364	H	-1.239	-0.547	2.131	0.393	0.816	A	99	 	T	E	0.415	21	-1.8	23	-2.2	-2	-0.3	2	-1.4	13	17	-1.807	2.244	H	-0.032	0.326	2.213	0.908	1.313
3lhs	A	63	 	S	H	0.062	241	-0.3	4	-2.2	1	-0.2	-1	-0.2	25	27	-1.042	-0.606	H	-0.228	1.399	-4.76	0.67	-2.647	A	305	 	S	I	0.038	241	-0.3	4	-2.2	1	-0.2	-1	-0.2	23	17	-1.332	-0.898	H	-0.228	1.399	-4.76	0.67	-2.647
3lhs	A	148	 	G	-	0.071	-3	-1.7	66	-0.3	1	-0.1	-5	-0.0	23	11	-1.733	2.566	H	-0.384	1.652	1.33	1.045	2.064	A	152	 	Q	H	0.318	-3	-1.7	66	-0.3	1	-0.1	-5	-0.0	14	13	-1.217	-0.643	H	0.931	-0.179	-3.005	-0.503	-1.853
3lhs	A	181	 	I	H	0.041	-4	-3.0	4	-2.8	1	-0.2	-2	-0.2	17	15	-0.997	-0.743	H	-1.239	-0.547	2.131	0.393	0.816	A	184	 	Y	H	0.176	-4	-3.0	4	-2.8	1	-0.2	-2	-0.2	18	11	-1.145	-0.685	H	0.26	0.83	3.097	-0.838	1.512
3lhs	A	127	 	H	T	0.022	-4	-2.4	4	-0.8	1	-0.2	-1	-0.2	29	7	-2.031	0.398	H	0.336	-0.417	-1.673	-1.474	-0.078	A	131	 	N	H	0.229	-4	-2.4	4	-0.8	1	-0.2	-1	-0.2	13	16	-1.012	-0.75	H	0.945	0.828	1.299	-0.169	0.933
3lhs	A	37	 	S	-	0.585	14	-0.1	15	-2.4	1	-0.1	16	-0.4	1	9	-1.599	2.84	H	-0.228	1.399	-4.76	0.67	-2.647	A	52	 	K	T	0.561	14	-0.1	15	-2.4	1	-0.1	16	-0.4	4	17	-1.141	-0.317	H	1.831	-0.561	0.533	-0.277	1.648
3lhs	A	189	 	K	-	0.649	-2	-0.6	-1	-0.2	130	-0.3	3	-0.1	8	18	-1.485	-0.179	H	1.831	-0.561	0.533	-0.277	1.648	A	322	 	S	H	0.092	-2	-0.6	-1	-0.2	130	-0.3	3	-0.1	15	10	-1.23	-0.373	H	-0.228	1.399	-4.76	0.67	-2.647
3lhs	A	208	 	A	E	0.0	37	-3.1	37	-2.3	-2	-0.7	-9	-0.3	22	22	-1.541	2.45	H	-0.591	-1.302	-0.733	1.57	-0.146	A	245	 	L	E	0.0	37	-3.1	37	-2.3	-2	-0.7	-9	-0.3	21	14	-1.904	2.157	H	-1.019	-0.987	-1.505	1.266	-0.912
3lhs	A	60	 	L	S	0.0	61	-2.3	2	-0.3	-2	-0.4	63	-0.2	26	25	-2.007	0.225	H	-1.019	-0.987	-1.505	1.266	-0.912	A	121	 	I	E	0.0	61	-2.3	2	-0.3	-2	-0.4	63	-0.2	25	27	-1.973	1.986	H	-1.239	-0.547	2.131	0.393	0.816
3lhs	A	210	 	P	-	0.0	0	0.0	3	-1.7	0	0.0	6	-0.4	18	23	-1.327	-3.074	H	0.189	2.081	-1.628	0.421	-1.392	A	213	 	S	S	0.092	0	0.0	3	-1.7	0	0.0	6	-0.4	20	14	-1.171	2.958	H	-0.228	1.399	-4.76	0.67	-2.647
3lhs	A	43	 	D	E	0.104	3	-3.0	3	-1.4	-2	-0.5	100	-0.2	19	10	-2.128	-2.888	H	1.05	0.302	-3.656	-0.259	-3.242	A	142	 	S	E	0.023	3	-3.0	3	-1.4	-2	-0.5	100	-0.2	16	22	-1.964	1.893	H	-0.228	1.399	-4.76	0.67	-2.647
3lhs	A	61	 	E	S	0.0	60	-0.2	4	-1.3	61	-0.1	3	-0.5	23	24	-2.556	2.745	H	1.357	-1.453	1.477	0.113	-0.837	A	306	 	R	-	0.077	60	-0.2	4	-1.3	61	-0.1	3	-0.5	24	20	0.988	0.61	L	1.538	-0.055	1.502	0.44	2.897
3lhs	A	302	 	W	I	0.0	-4	-2.8	-3	-0.2	3	-0.1	-2	-0.2	24	20	-1.423	-0.712	H	-0.595	0.009	0.672	-2.128	-0.184	A	317	 	E	H	0.268	-4	-2.8	-3	-0.2	3	-0.1	-2	-0.2	12	15	-1.11	-0.696	H	1.357	-1.453	1.477	0.113	-0.837
3lhs	A	277	 	L	H	0.024	-4	-1.6	3	-1.0	-5	-0.2	-2	-0.2	18	10	-1.084	-0.868	H	-1.019	-0.987	-1.505	1.266	-0.912	A	283	 	W	H	0.048	-4	-1.6	3	-1.0	-5	-0.2	-2	-0.2	14	18	-0.863	-0.778	H	-0.595	0.009	0.672	-2.128	-0.184
3lhs	A	167	 	E	H	0.51	-6	-0.2	4	-2.2	-5	-0.2	5	-0.2	5	15	-1.049	-0.811	H	1.357	-1.453	1.477	0.113	-0.837	A	170	 	G	H	0.036	-6	-0.2	4	-2.2	-5	-0.2	5	-0.2	16	14	-1.118	-0.675	H	-0.384	1.652	1.33	1.045	2.064
3lhs	A	124	 	S	T	0.023	19	-2.5	20	-0.2	-2	-0.4	-1	-0.1	14	16	-1.191	-0.265	H	-0.228	1.399	-4.76	0.67	-2.647	A	128	 	K	T	0.644	19	-2.5	20	-0.2	-2	-0.4	-1	-0.1	5	17	-1.047	-0.719	H	1.831	-0.561	0.533	-0.277	1.648
3lhs	A	214	 	Y	H	0.077	-66	-0.3	4	-2.3	-65	-0.2	-64	-0.2	17	20	-0.924	-0.956	H	0.26	0.83	3.097	-0.838	1.512	A	218	 	F	H	0.0	-66	-0.3	4	-2.3	-65	-0.2	-64	-0.2	24	17	-1.148	-0.638	H	-1.006	-0.59	1.891	-0.397	0.412
3lhs	A	159	 	T	H	0.239	-4	-2.1	4	-2.6	2	-0.2	-1	-0.2	19	16	-1.157	-0.714	H	-0.032	0.326	2.213	0.908	1.313	A	163	 	A	H	0.019	-4	-2.1	4	-2.6	2	-0.2	-1	-0.2	25	15	-1.05	-0.526	H	-0.591	-1.302	-0.733	1.57	-0.146
3lhs	A	123	 	D	E	0.0	-2	-0.3	4	-2.4	19	-0.2	21	-0.2	19	20	-1.514	2.275	H	1.05	0.302	-3.656	-0.259	-3.242	A	126	 	R	T	0.25	-2	-0.3	4	-2.4	19	-0.2	21	-0.2	16	9	-1.237	-0.503	H	1.538	-0.055	1.502	0.44	2.897
3lhs	A	66	 	D	H	0.049	-4	-2.3	4	-2.6	239	-0.2	-2	-0.2	24	21	-1.06	-0.739	H	1.05	0.302	-3.656	-0.259	-3.242	A	307	 	G	S	0.06	-4	-2.3	4	-2.6	239	-0.2	-2	-0.2	21	25	-1.978	-3.136	H	-0.384	1.652	1.33	1.045	2.064
3lhs	A	68	 	L	H	0.0	-4	-2.3	5	-3.2	1	-0.2	3	-0.3	22	23	-1.159	-0.681	H	-1.019	-0.987	-1.505	1.266	-0.912	A	73	 	V	-	0.162	-4	-2.3	5	-3.2	1	-0.2	3	-0.3	21	9	-2.069	2.349	H	-1.337	-0.279	-0.544	1.242	-1.262
3lhs	A	231	 	D	H	0.779	2	-0.2	4	-2.0	1	-0.2	-1	-0.2	1	13	-1.164	-0.704	H	1.05	0.302	-3.656	-0.259	-3.242	A	234	 	K	H	0.751	2	-0.2	4	-2.0	1	-0.2	-1	-0.2	3	12	-0.984	-0.783	H	1.831	-0.561	0.533	-0.277	1.648
3lhs	A	157	 	F	H	0.036	-4	-1.9	4	-2.7	1	-0.2	-2	-0.2	21	20	-0.975	-0.783	H	-1.006	-0.59	1.891	-0.397	0.412	A	161	 	A	H	0.028	-4	-1.9	4	-2.7	1	-0.2	-2	-0.2	18	15	-1.018	-0.773	H	-0.591	-1.302	-0.733	1.57	-0.146
3lhs	A	239	 	Y	G	0.252	-3	-2.4	7	-2.5	2	-0.0	-1	-0.3	16	6	-1.669	0.112	H	0.26	0.83	3.097	-0.838	1.512	A	246	 	Q	E	0.061	-3	-2.4	7	-2.5	2	-0.0	-1	-0.3	8	21	-1.447	1.963	H	0.931	-0.179	-3.005	-0.503	-1.853
3lhs	A	236	 	L	T	0.11	-3	-1.0	3	-2.4	-4	-0.5	-1	-0.2	19	5	-2.007	0.164	H	-1.019	-0.987	-1.505	1.266	-0.912	A	245	 	L	E	0.0	-3	-1.0	3	-2.4	-4	-0.5	-1	-0.2	21	14	-1.904	2.157	H	-1.019	-0.987	-1.505	1.266	-0.912
3lhs	A	64	 	F	H	0.01	-3	-0.5	4	-2.3	2	-0.2	-1	-0.2	24	26	-1.267	-0.603	H	-1.006	-0.59	1.891	-0.397	0.412	A	68	 	L	H	0.0	-3	-0.5	4	-2.3	2	-0.2	-1	-0.2	22	23	-1.159	-0.681	H	-1.019	-0.987	-1.505	1.266	-0.912
3lhs	A	311	 	S	H	0.0	-4	-2.0	4	-2.3	2	-0.2	-1	-0.2	22	17	-1.159	-0.641	H	-0.228	1.399	-4.76	0.67	-2.647	A	314	 	M	H	0.0	-4	-2.0	4	-2.3	2	-0.2	-1	-0.2	20	16	-1.128	-0.749	H	-0.663	-1.524	2.219	-1.005	1.212
3lhs	A	210	 	P	-	0.0	0	0.0	3	-1.7	0	0.0	6	-0.4	18	23	-1.327	-3.074	H	0.189	2.081	-1.628	0.421	-1.392	A	243	 	P	T	0.507	0	0.0	3	-1.7	0	0.0	6	-0.4	12	12	-1.548	-0.057	H	0.189	2.081	-1.628	0.421	-1.392
3lhs	A	84	 	K	G	0.488	-2	-0.5	3	-1.9	1	-0.3	-1	-0.1	8	18	-0.899	-0.632	H	1.831	-0.561	0.533	-0.277	1.648	A	87	 	I	S	0.024	-2	-0.5	3	-1.9	1	-0.3	-1	-0.1	24	15	-1.459	1.917	H	-1.239	-0.547	2.131	0.393	0.816
3lhs	A	197	 	L	E	0.0	62	-2.0	64	-2.3	-2	-0.4	2	-0.4	24	21	-2.034	1.949	H	-1.019	-0.987	-1.505	1.266	-0.912	A	261	 	I	E	0.012	62	-2.0	64	-2.3	-2	-0.4	2	-0.4	20	22	-2.108	1.975	H	-1.239	-0.547	2.131	0.393	0.816
3lhs	A	176	 	E	H	0.619	-4	-2.4	4	-2.5	2	-0.2	-2	-0.2	8	10	-1.05	-0.814	H	1.357	-1.453	1.477	0.113	-0.837	A	179	 	K	H	0.834	-4	-2.4	4	-2.5	2	-0.2	-2	-0.2	5	11	-1.105	-0.754	H	1.831	-0.561	0.533	-0.277	1.648
3lhs	A	320	 	E	H	0.546	-4	-2.3	3	-0.8	1	-0.2	4	-0.5	6	13	-1.039	-0.812	H	1.357	-1.453	1.477	0.113	-0.837	A	324	 	K	S	0.605	-4	-2.3	3	-0.8	1	-0.2	4	-0.5	9	6	-1.12	2.628	H	1.831	-0.561	0.533	-0.277	1.648
3lhs	A	196	 	V	E	0.0	29	-2.5	31	-3.1	62	-0.2	32	-0.5	23	18	-2.057	2.506	H	-1.337	-0.279	-0.544	1.242	-1.262	A	259	 	R	E	0.04	29	-2.5	31	-3.1	62	-0.2	32	-0.5	14	21	-2.36	2.501	H	1.538	-0.055	1.502	0.44	2.897
3lhs	A	193	 	N	T	0.643	31	-0.1	2	-0.9	2	-0.1	-1	-0.3	0	15	-1.358	-0.167	H	0.945	0.828	1.299	-0.169	0.933	A	225	 	K	-	0.478	31	-0.1	2	-0.9	2	-0.1	-1	-0.3	11	19	-1.907	2.052	H	1.831	-0.561	0.533	-0.277	1.648
3lhs	A	273	 	E	H	0.562	1	-0.2	4	-1.6	2	-0.2	-1	-0.2	10	11	-1.08	-0.875	H	1.357	-1.453	1.477	0.113	-0.837	A	277	 	L	H	0.024	1	-0.2	4	-1.6	2	-0.2	-1	-0.2	18	10	-1.084	-0.868	H	-1.019	-0.987	-1.505	1.266	-0.912
3lhs	A	258	 	E	S	0.304	-63	-0.3	2	-0.4	1	-0.1	-62	-0.2	9	25	-1.158	-0.534	H	1.357	-1.453	1.477	0.113	-0.837	A	293	 	R	-	0.165	-63	-0.3	2	-0.4	1	-0.1	-62	-0.2	16	13	-2.197	0.609	H	1.538	-0.055	1.502	0.44	2.897
3lhs	A	300	 	D	I	0.11	-36	-0.3	5	-1.4	3	-0.2	-1	-0.2	14	18	-1.168	-0.752	H	1.05	0.302	-3.656	-0.259	-3.242	A	305	 	S	I	0.038	-36	-0.3	5	-1.4	3	-0.2	-1	-0.2	23	17	-1.332	-0.898	H	-0.228	1.399	-4.76	0.67	-2.647
3lhs	A	280	 	D	-	0.344	-3	-1.0	4	-1.6	-4	-0.6	-3	-0.0	17	4	-1.21	2.429	H	1.05	0.302	-3.656	-0.259	-3.242	A	284	 	K	H	0.527	-3	-1.0	4	-1.6	-4	-0.6	-3	-0.0	5	17	-1.201	-0.352	H	1.831	-0.561	0.533	-0.277	1.648
3lhs	A	317	 	E	H	0.268	-4	-2.2	4	-2.9	1	-0.2	-1	-0.2	12	15	-1.11	-0.696	H	1.357	-1.453	1.477	0.113	-0.837	A	321	 	L	H	0.201	-4	-2.2	4	-2.9	1	-0.2	-1	-0.2	13	11	-1.069	-0.65	H	-1.019	-0.987	-1.505	1.266	-0.912
3lhs	A	190	 	F	S	0.137	128	-0.2	2	-0.5	1	-0.1	132	-0.1	21	7	-1.04	2.471	H	-1.006	-0.59	1.891	-0.397	0.412	A	259	 	R	E	0.04	128	-0.2	2	-0.5	1	-0.1	132	-0.1	14	21	-2.36	2.501	H	1.538	-0.055	1.502	0.44	2.897
3lhs	A	215	 	V	H	0.007	1	-0.2	4	-2.5	2	-0.2	5	-0.2	20	24	-1.199	-0.716	H	-1.337	-0.279	-0.544	1.242	-1.262	A	302	 	W	I	0.0	1	-0.2	4	-2.5	2	-0.2	5	-0.2	24	20	-1.423	-0.712	H	-0.595	0.009	0.672	-2.128	-0.184
3lhs	A	64	 	F	H	0.01	-3	-0.5	4	-2.3	2	-0.2	-1	-0.2	24	26	-1.267	-0.603	H	-1.006	-0.59	1.891	-0.397	0.412	A	122	 	A	E	0.009	-3	-0.5	4	-2.3	2	-0.2	-1	-0.2	27	21	-2.003	2.75	H	-0.591	-1.302	-0.733	1.57	-0.146
3lhs	A	86	 	R	G	0.125	-3	-2.1	2	-0.8	-6	-0.3	-1	-0.3	19	15	-1.26	-0.316	H	1.538	-0.055	1.502	0.44	2.897	A	304	 	R	I	0.097	-3	-2.1	2	-0.8	-6	-0.3	-1	-0.3	17	19	-1.604	-0.513	H	1.538	-0.055	1.502	0.44	2.897
3lhs	A	131	 	N	H	0.229	-3	-0.8	4	-2.3	-4	-0.8	-1	-0.2	13	16	-1.012	-0.75	H	0.945	0.828	1.299	-0.169	0.933	A	135	 	N	H	0.471	-3	-0.8	4	-2.3	-4	-0.8	-1	-0.2	11	17	-1.256	-0.285	H	0.945	0.828	1.299	-0.169	0.933
3lhs	A	211	 	N	T	0.248	17	-0.7	9	-0.2	1	-0.3	18	-0.1	15	19	-1.213	-0.279	H	0.945	0.828	1.299	-0.169	0.933	A	228	 	L	S	0.012	17	-0.7	9	-0.2	1	-0.3	18	-0.1	22	18	-1.447	1.402	H	-1.019	-0.987	-1.505	1.266	-0.912
3lhs	A	149	 	D	-	0.184	-2	-0.3	4	-2.0	64	-0.1	65	-0.2	13	18	-1.443	-2.982	H	1.05	0.302	-3.656	-0.259	-3.242	A	152	 	Q	H	0.318	-2	-0.3	4	-2.0	64	-0.1	65	-0.2	14	13	-1.217	-0.643	H	0.931	-0.179	-3.005	-0.503	-1.853
3lhs	A	199	 	A	E	0.0	62	-2.3	64	-3.0	-2	-0.4	9	-0.2	19	23	-2.738	2.762	H	-0.591	-1.302	-0.733	1.57	-0.146	A	207	 	L	E	0.183	62	-2.3	64	-3.0	-2	-0.4	9	-0.2	14	18	-1.782	1.775	H	-1.019	-0.987	-1.505	1.266	-0.912
3lhs	A	41	 	V	E	0.035	7	-2.3	7	-2.6	-2	-0.4	2	-0.5	21	8	-2.378	2.768	H	-1.337	-0.279	-0.544	1.242	-1.262	A	48	 	V	E	0.127	7	-2.3	7	-2.6	-2	-0.4	2	-0.5	21	6	-2.202	2.348	H	-1.337	-0.279	-0.544	1.242	-1.262
3lhs	A	63	 	S	H	0.062	241	-0.3	4	-2.2	1	-0.2	-1	-0.2	25	27	-1.042	-0.606	H	-0.228	1.399	-4.76	0.67	-2.647	A	66	 	D	H	0.049	241	-0.3	4	-2.2	1	-0.2	-1	-0.2	24	21	-1.06	-0.739	H	1.05	0.302	-3.656	-0.259	-3.242
3lhs	A	264	 	T	E	0.092	33	-2.7	35	-2.5	-2	-0.6	3	-2.4	15	15	-2.315	2.735	H	-0.032	0.326	2.213	0.908	1.313	A	297	 	V	E	0.007	33	-2.7	35	-2.5	-2	-0.6	3	-2.4	17	12	-2.21	2.913	H	-1.337	-0.279	-0.544	1.242	-1.262
3lhs	A	275	 	K	H	0.541	-4	-2.7	4	-1.7	2	-0.2	-1	-0.2	3	15	-0.944	-0.839	H	1.831	-0.561	0.533	-0.277	1.648	A	279	 	E	H	0.649	-4	-2.7	4	-1.7	2	-0.2	-1	-0.2	6	13	-1.555	-0.148	H	1.357	-1.453	1.477	0.113	-0.837
3lhs	A	161	 	A	H	0.028	-4	-2.7	5	-3.0	1	-0.2	3	-0.3	18	15	-1.018	-0.773	H	-0.591	-1.302	-0.733	1.57	-0.146	A	164	 	L	T	0.14	-4	-2.7	5	-3.0	1	-0.2	3	-0.3	20	15	-1.709	0.186	H	-1.019	-0.987	-1.505	1.266	-0.912
3lhs	A	167	 	E	H	0.51	-6	-0.2	4	-2.2	-5	-0.2	5	-0.2	5	15	-1.049	-0.811	H	1.357	-1.453	1.477	0.113	-0.837	A	171	 	E	H	0.644	-6	-0.2	4	-2.2	-5	-0.2	5	-0.2	5	18	-1.148	-0.762	H	1.357	-1.453	1.477	0.113	-0.837
3lhs	A	319	 	V	H	0.106	-4	-2.0	4	-1.1	2	-0.2	-130	-0.3	12	11	-0.995	-0.905	H	-1.337	-0.279	-0.544	1.242	-1.262	A	322	 	S	H	0.092	-4	-2.0	4	-1.1	2	-0.2	-130	-0.3	15	10	-1.23	-0.373	H	-0.228	1.399	-4.76	0.67	-2.647
3lhs	A	77	 	G	E	0.0	-20	-1.1	-18	-2.4	21	-0.2	2	-0.4	26	20	-2.52	2.548	H	-0.384	1.652	1.33	1.045	2.064	A	99	 	T	E	0.415	-20	-1.1	-18	-2.4	21	-0.2	2	-0.4	13	17	-1.807	2.244	H	-0.032	0.326	2.213	0.908	1.313
3lhs	A	60	 	L	S	0.0	61	-2.3	2	-0.3	-2	-0.4	63	-0.2	26	25	-2.007	0.225	H	-1.019	-0.987	-1.505	1.266	-0.912	A	127	 	H	T	0.022	61	-2.3	2	-0.3	-2	-0.4	63	-0.2	29	7	-2.031	0.398	H	0.336	-0.417	-1.673	-1.474	-0.078
3lhs	A	236	 	L	T	0.11	-3	-1.0	3	-2.4	-4	-0.5	-1	-0.2	19	5	-2.007	0.164	H	-1.019	-0.987	-1.505	1.266	-0.912	A	239	 	Y	G	0.252	-3	-1.0	3	-2.4	-4	-0.5	-1	-0.2	16	6	-1.669	0.112	H	0.26	0.83	3.097	-0.838	1.512
3lhs	A	152	 	Q	H	0.318	2	-0.2	4	-1.9	1	-0.2	-1	-0.2	14	13	-1.217	-0.643	H	0.931	-0.179	-3.005	-0.503	-1.853	A	156	 	S	H	0.046	2	-0.2	4	-1.9	1	-0.2	-1	-0.2	27	14	-1.148	-0.738	H	-0.228	1.399	-4.76	0.67	-2.647
3lhs	A	122	 	A	E	0.009	19	-3.2	21	-2.7	-2	-0.6	2	-0.4	27	21	-2.003	2.75	H	-0.591	-1.302	-0.733	1.57	-0.146	A	142	 	S	E	0.023	19	-3.2	21	-2.7	-2	-0.6	2	-0.4	16	22	-1.964	1.893	H	-0.228	1.399	-4.76	0.67	-2.647
3lhs	A	109	 	L	H	0.177	-2	-1.0	4	-2.7	1	-0.2	-1	-0.2	13	22	-1.243	-0.407	H	-1.019	-0.987	-1.505	1.266	-0.912	A	112	 	I	H	0.0	-2	-1.0	4	-2.7	1	-0.2	-1	-0.2	25	14	-1.121	-0.83	H	-1.239	-0.547	2.131	0.393	0.816
3lhs	A	202	 	A	E	0.217	3	-1.6	3	-1.4	-2	-0.5	2	-0.1	10	16	-2.69	2.528	H	-0.591	-1.302	-0.733	1.57	-0.146	A	246	 	Q	E	0.061	3	-1.6	3	-1.4	-2	-0.5	2	-0.1	8	21	-1.447	1.963	H	0.931	-0.179	-3.005	-0.503	-1.853
3lhs	A	175	 	A	H	0.594	-4	-2.2	4	-2.3	2	-0.2	-2	-0.2	5	12	-1.131	-0.767	H	-0.591	-1.302	-0.733	1.57	-0.146	A	178	 	D	H	0.479	-4	-2.2	4	-2.3	2	-0.2	-2	-0.2	7	17	-1.138	-0.657	H	1.05	0.302	-3.656	-0.259	-3.242
3lhs	A	175	 	A	H	0.594	-4	-2.2	4	-2.3	2	-0.2	-2	-0.2	5	12	-1.131	-0.767	H	-0.591	-1.302	-0.733	1.57	-0.146	A	179	 	K	H	0.834	-4	-2.2	4	-2.3	2	-0.2	-2	-0.2	5	11	-1.105	-0.754	H	1.831	-0.561	0.533	-0.277	1.648
3lhs	A	145	 	S	S	0.0	-2	-0.2	3	-1.7	11	-0.1	-1	-0.2	25	16	-2.577	-1.28	H	-0.228	1.399	-4.76	0.67	-2.647	A	153	 	N	H	0.07	-2	-0.2	3	-1.7	11	-0.1	-1	-0.2	24	13	-1.155	-0.632	H	0.945	0.828	1.299	-0.169	0.933
3lhs	A	309	 	I	H	0.213	2	-0.2	4	-2.5	1	-0.2	5	-0.2	18	19	-1.125	-0.792	H	-1.239	-0.547	2.131	0.393	0.816	A	312	 	E	H	0.082	2	-0.2	4	-2.5	1	-0.2	5	-0.2	12	21	-1.042	-0.767	H	1.357	-1.453	1.477	0.113	-0.837
3lhs	A	286	 	L	-	0.018	-3	-1.7	4	-2.8	-4	-0.5	5	-0.3	24	4	-1.134	2.445	H	-1.019	-0.987	-1.505	1.266	-0.912	A	290	 	K	H	0.663	-3	-1.7	4	-2.8	-4	-0.5	5	-0.3	9	10	-1.032	-0.547	H	1.831	-0.561	0.533	-0.277	1.648
3lhs	A	123	 	D	E	0.0	-2	-0.3	4	-2.4	19	-0.2	21	-0.2	19	20	-1.514	2.275	H	1.05	0.302	-3.656	-0.259	-3.242	A	127	 	H	T	0.022	-2	-0.3	4	-2.4	19	-0.2	21	-0.2	29	7	-2.031	0.398	H	0.336	-0.417	-1.673	-1.474	-0.078
3lhs	A	79	 	A	-	0.0	-20	-1.9	24	-0.1	-2	-0.4	25	-0.1	20	20	-1.372	1.597	H	-0.591	-1.302	-0.733	1.57	-0.146	A	104	 	R	S	0.052	-20	-1.9	24	-0.1	-2	-0.4	25	-0.1	18	16	-1.142	-0.616	H	1.538	-0.055	1.502	0.44	2.897
3lhs	A	309	 	I	H	0.213	2	-0.2	4	-2.5	1	-0.2	5	-0.2	18	19	-1.125	-0.792	H	-1.239	-0.547	2.131	0.393	0.816	A	313	 	E	H	0.366	2	-0.2	4	-2.5	1	-0.2	5	-0.2	15	13	-1.135	-0.656	H	1.357	-1.453	1.477	0.113	-0.837
3lhs	A	118	 	D	S	0.282	-62	-2.7	2	-0.3	1	-0.3	-61	-0.2	14	20	-1.356	-0.478	H	1.05	0.302	-3.656	-0.259	-3.242	A	139	 	P	-	0.331	-62	-2.7	2	-0.3	1	-0.3	-61	-0.2	18	18	-0.888	2.349	H	0.189	2.081	-1.628	0.421	-1.392
3lhs	A	150	 	Y	H	0.045	63	-0.4	4	-2.0	64	-0.2	5	-0.1	17	17	-1.077	-0.83	H	0.26	0.83	3.097	-0.838	1.512	A	217	 	Q	H	0.172	63	-0.4	4	-2.0	64	-0.2	5	-0.1	11	20	-1.205	-0.668	H	0.931	-0.179	-3.005	-0.503	-1.853
3lhs	A	58	 	V	E	0.0	61	-2.2	63	-2.9	-2	-0.4	2	-0.4	26	20	-1.746	2.337	H	-1.337	-0.279	-0.544	1.242	-1.262	A	77	 	G	E	0.0	61	-2.2	63	-2.9	-2	-0.4	2	-0.4	26	20	-2.52	2.548	H	-0.384	1.652	1.33	1.045	2.064
3lhs	A	109	 	L	H	0.177	-2	-1.0	4	-2.7	1	-0.2	-1	-0.2	13	22	-1.243	-0.407	H	-1.019	-0.987	-1.505	1.266	-0.912	A	133	 	E	H	0.526	-2	-1.0	4	-2.7	1	-0.2	-1	-0.2	10	11	-1.18	-0.711	H	1.357	-1.453	1.477	0.113	-0.837
3lhs	A	229	 	S	-	0.354	-2	-2.0	4	-3.0	-19	-0.1	5	-0.3	7	19	-1.193	2.949	H	-0.228	1.399	-4.76	0.67	-2.647	A	232	 	V	H	0.338	-2	-2.0	4	-3.0	-19	-0.1	5	-0.3	14	9	-1.117	-0.819	H	-1.337	-0.279	-0.544	1.242	-1.262
3lhs	A	229	 	S	-	0.354	-2	-2.0	4	-3.0	-19	-0.1	5	-0.3	7	19	-1.193	2.949	H	-0.228	1.399	-4.76	0.67	-2.647	A	233	 	T	H	0.07	-2	-2.0	4	-3.0	-19	-0.1	5	-0.3	15	12	-1.114	-0.675	H	-0.032	0.326	2.213	0.908	1.313
3lhs	A	305	 	S	I	0.038	-5	-1.4	-239	-0.2	-6	-0.2	-3	-0.1	23	17	-1.332	-0.898	H	-0.228	1.399	-4.76	0.67	-2.647	A	310	 	S	H	0.0	-5	-1.4	-239	-0.2	-6	-0.2	-3	-0.1	26	13	-1.124	-0.719	H	-0.228	1.399	-4.76	0.67	-2.647
3lhs	A	182	 	N	H	0.522	-4	-2.3	4	-2.0	-5	-0.2	-1	-0.2	5	17	-1.183	-0.598	H	0.945	0.828	1.299	-0.169	0.933	A	185	 	K	H	0.341	-4	-2.3	4	-2.0	-5	-0.2	-1	-0.2	12	19	-0.912	-0.828	H	1.831	-0.561	0.533	-0.277	1.648
3lhs	A	62	 	Y	H	0.032	-2	-0.3	4	-2.3	242	-0.3	5	-0.2	24	23	-1.139	-0.658	H	0.26	0.83	3.097	-0.838	1.512	A	81	 	D	T	0.153	-2	-0.3	4	-2.3	242	-0.3	5	-0.2	10	15	1.054	0.328	L	1.05	0.302	-3.656	-0.259	-3.242
3lhs	A	272	 	A	H	0.547	1	-0.2	4	-1.7	2	-0.2	5	-0.2	1	16	-1.037	-0.746	H	-0.591	-1.302	-0.733	1.57	-0.146	A	275	 	K	H	0.541	1	-0.2	4	-1.7	2	-0.2	5	-0.2	3	15	-0.944	-0.839	H	1.831	-0.561	0.533	-0.277	1.648
3lhs	A	170	 	G	H	0.036	-4	-2.6	4	-2.4	2	-0.2	-1	-0.2	16	14	-1.118	-0.675	H	-0.384	1.652	1.33	1.045	2.064	A	174	 	L	H	0.098	-4	-2.6	4	-2.4	2	-0.2	-1	-0.2	12	15	-1.247	-0.577	H	-1.019	-0.987	-1.505	1.266	-0.912
3lhs	A	256	 	N	-	0.408	-4	-3.7	-3	-0.1	-5	-0.2	-4	-0.1	9	24	0.787	1.027	L	0.945	0.828	1.299	-0.169	0.933	A	287	 	N	H	0.28	-4	-3.7	-3	-0.1	-5	-0.2	-4	-0.1	13	12	-0.942	-0.774	H	0.945	0.828	1.299	-0.169	0.933
3lhs	A	219	 	L	H	0.0	-4	-2.5	5	-2.4	1	-0.2	3	-0.3	21	18	-1.118	-0.665	H	-1.019	-0.987	-1.505	1.266	-0.912	A	224	 	F	-	0.01	-4	-2.5	5	-2.4	1	-0.2	3	-0.3	26	8	-1.354	2.785	H	-1.006	-0.59	1.891	-0.397	0.412
3lhs	A	184	 	Y	H	0.176	-4	-2.7	4	-1.4	1	-0.2	3	-0.5	18	11	-1.145	-0.685	H	0.26	0.83	3.097	-0.838	1.512	A	187	 	E	H	0.479	-4	-2.7	4	-1.4	1	-0.2	3	-0.5	13	9	-1.548	-0.268	H	1.357	-1.453	1.477	0.113	-0.837
3lhs	A	78	 	I	E	0.0	21	-1.8	23	-2.2	-2	-0.3	2	-1.4	21	24	-2.416	2.364	H	-1.239	-0.547	2.131	0.393	0.816	A	100	 	S	E	0.354	21	-1.8	23	-2.2	-2	-0.3	2	-1.4	10	21	-1.25	2.385	H	-0.228	1.399	-4.76	0.67	-2.647
3lhs	A	177	 	H	H	0.0	-4	-2.5	4	-3.0	2	-0.2	5	-0.2	14	10	-0.991	-0.866	H	0.336	-0.417	-1.673	-1.474	-0.078	A	308	 	L	H	0.024	-4	-2.5	4	-3.0	2	-0.2	5	-0.2	23	21	-1.219	-0.806	H	-1.019	-0.987	-1.505	1.266	-0.912
3lhs	A	206	 	L	E	0.0	41	-2.6	41	-3.2	-5	-0.2	2	-0.7	20	17	-2.05	2.515	H	-1.019	-0.987	-1.505	1.266	-0.912	A	245	 	L	E	0.0	41	-2.6	41	-3.2	-5	-0.2	2	-0.7	21	14	-1.904	2.157	H	-1.019	-0.987	-1.505	1.266	-0.912
3lhs	A	153	 	N	H	0.07	-4	-2.0	4	-1.9	2	-0.2	-1	-0.2	24	13	-1.155	-0.632	H	0.945	0.828	1.299	-0.169	0.933	A	157	 	F	H	0.036	-4	-2.0	4	-1.9	2	-0.2	-1	-0.2	21	20	-0.975	-0.783	H	-1.006	-0.59	1.891	-0.397	0.412
3lhs	A	40	 	S	E	0.469	-2	-0.5	2	-0.3	9	-0.2	9	-0.2	2	19	-1.471	2.294	H	-0.228	1.399	-4.76	0.67	-2.647	A	49	 	K	E	0.585	-2	-0.5	2	-0.3	9	-0.2	9	-0.2	3	24	-1.674	1.905	H	1.831	-0.561	0.533	-0.277	1.648
3lhs	A	69	 	A	H	0.057	-4	-2.3	3	-1.6	1	-0.2	-1	-0.2	19	16	-1.103	-0.688	H	-0.591	-1.302	-0.733	1.57	-0.146	A	94	 	K	H	0.439	-4	-2.3	3	-1.6	1	-0.2	-1	-0.2	16	7	-1.155	-0.74	H	1.831	-0.561	0.533	-0.277	1.648
3lhs	A	154	 	I	H	0.142	-4	-2.0	4	-2.1	1	-0.2	-2	-0.2	13	22	-1.077	-0.712	H	-1.239	-0.547	2.131	0.393	0.816	A	157	 	F	H	0.036	-4	-2.0	4	-2.1	1	-0.2	-2	-0.2	21	20	-0.975	-0.783	H	-1.006	-0.59	1.891	-0.397	0.412
3lhs	A	65	 	A	H	0.0	-4	-1.3	4	-2.3	2	-0.2	-2	-0.2	24	26	-1.093	-0.729	H	-0.591	-1.302	-0.733	1.57	-0.146	A	68	 	L	H	0.0	-4	-1.3	4	-2.3	2	-0.2	-2	-0.2	22	23	-1.159	-0.681	H	-1.019	-0.987	-1.505	1.266	-0.912
3lhs	A	176	 	E	H	0.619	-4	-2.4	4	-2.5	2	-0.2	-2	-0.2	8	10	-1.05	-0.814	H	1.357	-1.453	1.477	0.113	-0.837	A	180	 	L	H	0.226	-4	-2.4	4	-2.5	2	-0.2	-2	-0.2	13	10	-1.141	-0.807	H	-1.019	-0.987	-1.505	1.266	-0.912
3lhs	A	80	 	D	-	0.037	-2	-1.4	3	-2.6	22	-0.1	6	-0.3	16	19	-1.848	0.264	H	1.05	0.302	-3.656	-0.259	-3.242	A	102	 	G	B	0.274	-2	-1.4	3	-2.6	22	-0.1	6	-0.3	9	17	1.653	-2.65	L	-0.384	1.652	1.33	1.045	2.064
3lhs	A	160	 	I	H	0.006	-4	-2.4	4	-1.5	2	-0.2	-2	-0.2	25	21	-1.075	-0.799	H	-1.239	-0.547	2.131	0.393	0.816	A	163	 	A	H	0.019	-4	-2.4	4	-1.5	2	-0.2	-2	-0.2	25	15	-1.05	-0.526	H	-0.591	-1.302	-0.733	1.57	-0.146
3lhs	A	260	 	M	E	0.0	33	-2.7	35	-2.4	-2	-0.4	2	-0.5	21	20	-2.265	2.48	H	-0.663	-1.524	2.219	-1.005	1.212	A	295	 	D	E	0.178	33	-2.7	35	-2.4	-2	-0.4	2	-0.5	14	16	-2.065	2.32	H	1.05	0.302	-3.656	-0.259	-3.242
3lhs	A	120	 	I	E	0.0	19	-2.1	21	-2.9	-2	-0.3	2	-0.6	24	24	-2.102	2.358	H	-1.239	-0.547	2.131	0.393	0.816	A	140	 	T	E	0.014	19	-2.1	21	-2.9	-2	-0.3	2	-0.6	19	23	-2.256	2.207	H	-0.032	0.326	2.213	0.908	1.313
3lhs	A	216	 	G	H	0.0	-6	-0.4	4	-2.1	1	-0.2	-1	-0.2	17	20	-1.044	-0.766	H	-0.384	1.652	1.33	1.045	2.064	A	220	 	N	H	0.58	-6	-0.4	4	-2.1	1	-0.2	-1	-0.2	15	15	-1.091	-0.672	H	0.945	0.828	1.299	-0.169	0.933
3lhs	A	262	 	I	E	0.0	33	-2.9	35	-2.1	-2	-0.5	2	-0.6	17	19	-1.937	1.902	H	-1.239	-0.547	2.131	0.393	0.816	A	295	 	D	E	0.178	33	-2.9	35	-2.1	-2	-0.5	2	-0.6	14	16	-2.065	2.32	H	1.05	0.302	-3.656	-0.259	-3.242
3lhs	A	198	 	P	E	0.007	0	0.0	11	-2.5	0	0.0	2	-0.3	19	27	-1.615	2.36	H	0.189	2.081	-1.628	0.421	-1.392	A	209	 	H	-	0.054	0	0.0	11	-2.5	0	0.0	2	-0.3	21	18	-1.564	1.954	H	0.336	-0.417	-1.673	-1.474	-0.078
3lhs	A	315	 	A	H	0.0	-4	-2.3	4	-2.0	1	-0.2	-2	-0.2	22	16	-1.148	-0.733	H	-0.591	-1.302	-0.733	1.57	-0.146	A	319	 	V	H	0.106	-4	-2.3	4	-2.0	1	-0.2	-2	-0.2	12	11	-0.995	-0.905	H	-1.337	-0.279	-0.544	1.242	-1.262
3lhs	A	197	 	L	E	0.0	62	-2.0	64	-2.3	-2	-0.4	2	-0.4	24	21	-2.034	1.949	H	-1.019	-0.987	-1.505	1.266	-0.912	A	259	 	R	E	0.04	62	-2.0	64	-2.3	-2	-0.4	2	-0.4	14	21	-2.36	2.501	H	1.538	-0.055	1.502	0.44	2.897
3lhs	A	192	 	R	T	0.202	-2	-0.5	33	-0.4	1	-0.3	-1	-0.2	10	12	-1.257	-0.14	H	1.538	-0.055	1.502	0.44	2.897	A	222	 	L	T	0.0	-2	-0.5	33	-0.4	1	-0.3	-1	-0.2	27	7	-1.503	0.142	H	-1.019	-0.987	-1.505	1.266	-0.912
3lhs	A	154	 	I	H	0.142	-4	-2.0	4	-2.1	1	-0.2	-2	-0.2	13	22	-1.077	-0.712	H	-1.239	-0.547	2.131	0.393	0.816	A	158	 	K	H	0.551	-4	-2.0	4	-2.1	1	-0.2	-2	-0.2	9	26	-1.098	-0.669	H	1.831	-0.561	0.533	-0.277	1.648
3lhs	A	156	 	S	H	0.046	-4	-1.9	4	-2.4	2	-0.2	-1	-0.2	27	14	-1.148	-0.738	H	-0.228	1.399	-4.76	0.67	-2.647	A	160	 	I	H	0.006	-4	-1.9	4	-2.4	2	-0.2	-1	-0.2	25	21	-1.075	-0.799	H	-1.239	-0.547	2.131	0.393	0.816
3lhs	A	195	 	K	-	0.454	-2	-0.9	64	-2.3	29	-0.1	2	-0.4	9	21	-1.226	2.554	H	1.831	-0.561	0.533	-0.277	1.648	A	258	 	E	S	0.304	-2	-0.9	64	-2.3	29	-0.1	2	-0.4	9	25	-1.158	-0.534	H	1.357	-1.453	1.477	0.113	-0.837
3lhs	A	158	 	K	H	0.551	-4	-2.1	4	-2.4	1	-0.2	-2	-0.2	9	26	-1.098	-0.669	H	1.831	-0.561	0.533	-0.277	1.648	A	162	 	K	H	0.439	-4	-2.1	4	-2.4	1	-0.2	-2	-0.2	13	19	-1.096	-0.772	H	1.831	-0.561	0.533	-0.277	1.648
3lhs	A	253	 	A	H	0.349	-4	-2.7	-2	-0.2	1	-0.2	-1	-0.2	9	14	-1.115	-0.694	H	-0.591	-1.302	-0.733	1.57	-0.146	A	282	 	T	H	0.303	-4	-2.7	-2	-0.2	1	-0.2	-1	-0.2	10	13	-1.312	-0.702	H	-0.032	0.326	2.213	0.908	1.313
3lhs	A	318	 	L	H	0.006	-4	-2.1	4	-2.4	2	-0.2	-129	-0.2	20	14	-1.094	-0.66	H	-1.019	-0.987	-1.505	1.266	-0.912	A	321	 	L	H	0.201	-4	-2.1	4	-2.4	2	-0.2	-129	-0.2	13	11	-1.069	-0.65	H	-1.019	-0.987	-1.505	1.266	-0.912
3lhs	A	134	 	L	H	0.0	-4	-2.9	4	-2.1	1	-0.2	3	-1.1	20	13	-1.077	-0.678	H	-1.019	-0.987	-1.505	1.266	-0.912	A	137	 	I	H	0.272	-4	-2.9	4	-2.1	1	-0.2	3	-1.1	21	4	-1.44	-0.822	H	-1.239	-0.547	2.131	0.393	0.816
3lhs	A	283	 	W	H	0.048	1	-0.2	3	-1.7	-6	-0.2	6	-0.3	14	18	-0.863	-0.778	H	-0.595	0.009	0.672	-2.128	-0.184	A	286	 	L	-	0.018	1	-0.2	3	-1.7	-6	-0.2	6	-0.3	24	4	-1.134	2.445	H	-1.019	-0.987	-1.505	1.266	-0.912
3lhs	A	233	 	T	H	0.07	-4	-3.0	3	-1.0	1	-0.2	4	-0.3	15	12	-1.114	-0.675	H	-0.032	0.326	2.213	0.908	1.313	A	237	 	S	G	0.369	-4	-3.0	3	-1.0	1	-0.2	4	-0.3	6	16	-1.174	-0.387	H	-0.228	1.399	-4.76	0.67	-2.647
3lhs	A	249	 	T	H	0.162	1	-0.2	4	-2.7	2	-0.2	5	-0.2	13	16	-1.132	-0.512	H	-0.032	0.326	2.213	0.908	1.313	A	252	 	L	H	0.0	1	-0.2	4	-2.7	2	-0.2	5	-0.2	27	12	-1.022	-0.74	H	-1.019	-0.987	-1.505	1.266	-0.912
3lhs	A	241	 	K	E	0.39	3	-3.0	3	-1.9	-2	-0.1	-1	-0.0	9	9	-2.24	1.756	H	1.831	-0.561	0.533	-0.277	1.648	A	244	 	Y	E	0.302	3	-3.0	3	-1.9	-2	-0.1	-1	-0.0	15	16	-1.912	2.771	H	0.26	0.83	3.097	-0.838	1.512
3lhs	A	38	 	T	E	0.394	13	-0.3	2	-0.5	14	-0.1	11	-0.1	10	10	-2.384	2.855	H	-0.032	0.326	2.213	0.908	1.313	A	50	 	V	E	0.0	13	-0.3	2	-0.5	14	-0.1	11	-0.1	21	12	-1.66	2.172	H	-1.337	-0.279	-0.544	1.242	-1.262
3lhs	A	206	 	L	E	0.0	41	-2.6	41	-3.2	-5	-0.2	2	-0.7	20	17	-2.05	2.515	H	-1.019	-0.987	-1.505	1.266	-0.912	A	246	 	Q	E	0.061	41	-2.6	41	-3.2	-5	-0.2	2	-0.7	8	21	-1.447	1.963	H	0.931	-0.179	-3.005	-0.503	-1.853
3lhs	A	124	 	S	T	0.023	19	-2.5	20	-0.2	-2	-0.4	-1	-0.1	14	16	-1.191	-0.265	H	-0.228	1.399	-4.76	0.67	-2.647	A	143	 	L	E	0.018	19	-2.5	20	-0.2	-2	-0.4	-1	-0.1	25	17	-2.251	2.742	H	-1.019	-0.987	-1.505	1.266	-0.912
3lhs	A	148	 	G	-	0.071	-3	-1.7	66	-0.3	1	-0.1	-5	-0.0	23	11	-1.733	2.566	H	-0.384	1.652	1.33	1.045	2.064	A	153	 	N	H	0.07	-3	-1.7	66	-0.3	1	-0.1	-5	-0.0	24	13	-1.155	-0.632	H	0.945	0.828	1.299	-0.169	0.933
3lhs	A	211	 	N	T	0.248	17	-0.7	9	-0.2	1	-0.3	18	-0.1	15	19	-1.213	-0.279	H	0.945	0.828	1.299	-0.169	0.933	A	230	 	D	H	0.675	17	-0.7	9	-0.2	1	-0.3	18	-0.1	0	16	-0.956	-0.777	H	1.05	0.302	-3.656	-0.259	-3.242
3lhs	A	187	 	E	H	0.479	-4	-1.3	2	-0.6	-3	-0.5	-1	-0.2	13	9	-1.548	-0.268	H	1.357	-1.453	1.477	0.113	-0.837	A	323	 	K	H	0.483	-4	-1.3	2	-0.6	-3	-0.5	-1	-0.2	7	8	-1.704	-0.018	H	1.831	-0.561	0.533	-0.277	1.648
3lhs	A	171	 	E	H	0.644	-4	-2.2	4	-2.2	2	-0.2	-2	-0.2	5	18	-1.148	-0.762	H	1.357	-1.453	1.477	0.113	-0.837	A	174	 	L	H	0.098	-4	-2.2	4	-2.2	2	-0.2	-2	-0.2	12	15	-1.247	-0.577	H	-1.019	-0.987	-1.505	1.266	-0.912
3lhs	A	68	 	L	H	0.0	-4	-2.3	5	-3.2	1	-0.2	3	-0.3	22	23	-1.159	-0.681	H	-1.019	-0.987	-1.505	1.266	-0.912	A	71	 	L	T	0.018	-4	-2.3	5	-3.2	1	-0.2	3	-0.3	24	10	-1.667	0.177	H	-1.019	-0.987	-1.505	1.266	-0.912
3lhs	A	218	 	F	H	0.0	-4	-2.3	4	-1.4	-5	-0.3	-1	-0.2	24	17	-1.148	-0.638	H	-1.006	-0.59	1.891	-0.397	0.412	A	221	 	E	H	0.34	-4	-2.3	4	-1.4	-5	-0.3	-1	-0.2	15	11	-1.064	-0.553	H	1.357	-1.453	1.477	0.113	-0.837
3lhs	A	110	 	E	H	0.773	2	-0.2	4	-2.3	1	-0.2	-1	-0.2	0	18	-1.164	-0.699	H	1.357	-1.453	1.477	0.113	-0.837	A	114	 	K	H	0.737	2	-0.2	4	-2.3	1	-0.2	-1	-0.2	8	10	-1.069	-0.556	H	1.831	-0.561	0.533	-0.277	1.648
3lhs	A	307	 	G	S	0.06	-6	-0.2	4	-2.0	1	-0.1	5	-0.2	21	25	-1.978	-3.136	H	-0.384	1.652	1.33	1.045	2.064	A	311	 	S	H	0.0	-6	-0.2	4	-2.0	1	-0.1	5	-0.2	22	17	-1.159	-0.641	H	-0.228	1.399	-4.76	0.67	-2.647
3lhs	A	112	 	I	H	0.0	-4	-2.0	4	-0.4	2	-0.2	3	-0.3	25	14	-1.121	-0.83	H	-1.239	-0.547	2.131	0.393	0.816	A	115	 	L	T	0.146	-4	-2.0	4	-0.4	2	-0.2	3	-0.3	22	4	-1.25	-0.24	H	-1.019	-0.987	-1.505	1.266	-0.912
3lhs	A	233	 	T	H	0.07	-4	-3.0	3	-1.0	1	-0.2	4	-0.3	15	12	-1.114	-0.675	H	-0.032	0.326	2.213	0.908	1.313	A	236	 	L	T	0.11	-4	-3.0	3	-1.0	1	-0.2	4	-0.3	19	5	-2.007	0.164	H	-1.019	-0.987	-1.505	1.266	-0.912
3lhs	A	262	 	I	E	0.0	33	-2.9	35	-2.1	-2	-0.5	2	-0.6	17	19	-1.937	1.902	H	-1.239	-0.547	2.131	0.393	0.816	A	296	 	I	E	0.207	33	-2.9	35	-2.1	-2	-0.5	2	-0.6	11	22	-1.723	2.156	H	-1.239	-0.547	2.131	0.393	0.816
3lhs	A	76	 	V	S	0.204	-19	-1.7	23	-1.9	1	-0.2	2	-0.3	14	20	-1.514	-0.373	H	-1.337	-0.279	-0.544	1.242	-1.262	A	99	 	T	E	0.415	-19	-1.7	23	-1.9	1	-0.2	2	-0.3	13	17	-1.807	2.244	H	-0.032	0.326	2.213	0.908	1.313
3lhs	A	314	 	M	H	0.0	-4	-2.5	4	-2.1	2	-0.2	-2	-0.2	20	16	-1.128	-0.749	H	-0.663	-1.524	2.219	-1.005	1.212	A	318	 	L	H	0.006	-4	-2.5	4	-2.1	2	-0.2	-2	-0.2	20	14	-1.094	-0.66	H	-1.019	-0.987	-1.505	1.266	-0.912
3lhs	A	264	 	T	E	0.092	33	-2.7	35	-2.5	-2	-0.6	3	-2.4	15	15	-2.315	2.735	H	-0.032	0.326	2.213	0.908	1.313	A	267	 	A	G	0.387	33	-2.7	35	-2.5	-2	-0.6	3	-2.4	8	14	0.946	0.687	L	-0.591	-1.302	-0.733	1.57	-0.146
3lhs	A	61	 	E	S	0.0	60	-0.2	4	-1.3	61	-0.1	3	-0.5	23	24	-2.556	2.745	H	1.357	-1.453	1.477	0.113	-0.837	A	64	 	F	H	0.01	60	-0.2	4	-1.3	61	-0.1	3	-0.5	24	26	-1.267	-0.603	H	-1.006	-0.59	1.891	-0.397	0.412
3lhs	A	202	 	A	E	0.217	3	-1.6	3	-1.4	-2	-0.5	2	-0.1	10	16	-2.69	2.528	H	-0.591	-1.302	-0.733	1.57	-0.146	A	205	 	G	E	0.0	3	-1.6	3	-1.4	-2	-0.5	2	-0.1	14	17	-2.329	-2.369	H	-0.384	1.652	1.33	1.045	2.064
